47,101,82,101,149,101,208,100,270,100,352,99,387,100,388,120,353,120,271,120,208,120,149,121,82,121,47,121
193,127,238,123,239,148,195,151
151,160,177,162,228,161,264,164,327,160,374,159,400,157,400,172,374,174,326,175,264,180,228,176,177,178,151,175
30,161,129,161,129,176,30,176
152,185,286,185,286,204,152,204
140,208,160,207,190,207,218,205,244,206,270,206,296,207,297,222,271,221,243,221,219,221,191,222,159,223,139,224
111,235,327,232,327,252,111,256
180,269,262,268,262,284,180,286
162,299,276,298,276,314,162,315
22,328,124,328,124,343,22,343
23,357,257,353,257,367,23,372
22,384,184,383,184,399,22,400
306,410,320,410,320,423,306,423
363,419,383,419,383,434,363,434
243,421,267,421,267,435,243,435
186,422,204,422,204,438,186,438
81,425,143,425,143,439,81,439
301,429,327,429,327,445,301,445
53,469,65,469,86,469,104,468,126,468,140,466,155,464,154,478,139,480,127,481,103,482,87,482,64,482,52,483
243,480,295,480,295,497,243,497
354,480,410,478,411,495,355,496
203,482,217,482,217,497,203,497
48,488,62,488,76,487,95,488,116,489,126,486,139,483,139,498,125,501,116,503,95,503,76,502,63,503,49,503
48,512,56,511,65,511,74,510,84,511,95,513,103,513,96,527,88,526,83,525,74,525,66,525,56,525,48,526
318,540,416,540,416,570,318,570
22,550,189,545,190,571,22,576
353,577,416,577,416,592,353,592
24,585,85,585,85,598,24,598
351,610,416,610,416,634,351,634
23,617,130,615,130,640,23,642
142,662,166,663,187,663,221,664,249,662,284,661,299,659,300,672,285,674,250,675,221,677,187,676,165,676,142,675
105,708,131,708,186,708,235,708,271,707,322,705,348,705,350,719,323,720,271,722,235,723,186,723,131,723,105,723
