186,102,366,92,367,116,187,126
215,126,338,122,339,142,216,146
36,142,152,142,152,175,36,175
189,151,366,144,367,164,190,171
220,174,333,171,334,189,221,192
149,216,285,214,285,232,150,235
307,236,401,232,402,249,308,253
36,238,257,238,257,257,36,257
290,258,410,253,411,271,291,276
32,258,43,260,58,259,69,262,83,260,96,261,110,259,109,274,95,276,84,276,69,277,58,274,42,276,31,274
344,301,352,301,367,300,376,299,386,297,396,298,404,298,402,313,394,314,388,313,379,314,366,315,352,316,345,317
192,301,200,303,210,303,225,305,233,303,244,302,251,299,252,315,244,317,236,319,222,321,209,319,200,319,192,317
35,305,50,304,59,304,76,302,87,303,105,305,113,306,112,323,103,322,85,320,76,320,60,321,50,321,34,322
284,303,303,303,303,319,284,319
67,323,97,324,138,325,190,325,252,323,307,322,336,321,337,338,307,339,253,341,190,342,138,342,97,341,68,340
364,343,412,343,412,360,364,360
212,347,260,347,260,364,212,364
37,348,154,348,154,365,37,365
361,387,369,386,379,387,387,386,396,386,408,386,417,386,415,402,406,402,397,402,388,402,379,403,370,403,361,403
39,388,226,388,226,407,39,407
39,409,183,409,183,429,39,429
393,411,402,411,402,422,393,422
366,430,414,430,414,446,366,446
39,431,165,431,165,451,39,451
364,453,413,451,414,467,365,469
49,454,122,454,122,472,49,472
39,475,149,475,149,494,39,494
403,476,413,476,413,488,403,488
111,497,342,494,342,515,111,517
104,561,344,561,344,580,104,580
52,585,81,584,168,584,223,583,294,582,365,583,395,582,395,599,365,599,294,599,223,600,169,601,82,601,52,601
86,625,363,624,364,644,87,646
49,652,75,651,151,650,215,649,276,649,347,648,374,648,373,664,347,664,276,664,215,664,152,666,76,667,49,668
