222,95,374,95,374,115,222,115
196,118,227,120,254,122,304,122,331,120,363,119,394,116,395,134,363,137,331,139,305,140,254,140,227,138,196,136
38,136,163,136,163,168,38,168
220,145,248,146,277,146,292,146,323,146,347,145,375,145,376,163,349,164,322,165,292,165,277,164,247,164,219,163
237,171,356,169,357,190,238,191
154,214,185,213,203,212,240,214,258,214,286,213,317,213,317,232,286,232,259,233,239,233,202,231,185,232,155,233
37,235,275,235,275,255,37,255
328,235,436,235,436,254,328,254
33,259,50,259,60,258,71,259,89,258,100,258,116,258,116,275,100,276,90,276,73,276,59,276,49,276,32,277
308,261,332,260,346,259,370,258,399,258,418,258,435,257,435,275,418,275,399,276,370,276,346,276,332,277,308,279
376,302,436,302,436,321,376,321
207,302,275,305,274,324,206,322
34,309,52,305,60,304,80,303,89,304,109,306,118,307,116,323,108,322,88,320,79,320,61,320,51,321,33,325
309,305,330,305,330,321,309,321
41,326,72,326,146,325,220,326,304,326,350,326,382,326,382,344,350,344,305,344,220,344,146,343,72,344,41,344
38,349,162,349,162,367,38,367
403,349,433,349,433,364,403,364
225,350,273,350,273,365,225,365
38,370,72,370,155,369,210,369,278,371,360,371,395,371,395,390,361,390,278,390,210,389,155,389,72,389,38,389
34,394,52,393,72,393,98,392,118,393,146,393,164,393,164,410,145,410,118,409,99,409,72,410,52,410,33,410
217,394,273,394,273,410,217,410
376,394,433,394,433,410,376,410
40,436,238,436,238,455,40,455
373,438,432,438,432,454,373,454
39,458,200,458,200,477,39,477
421,461,431,461,431,474,421,474
38,479,172,479,172,499,38,499
371,483,379,483,391,481,406,483,415,483,425,483,434,483,432,498,424,498,416,498,406,498,390,497,379,498,371,498
48,504,125,504,125,520,48,520
365,505,431,505,431,520,365,520
39,524,153,524,153,542,39,542
372,528,380,528,389,528,400,527,414,528,426,528,434,529,432,543,425,542,414,541,401,541,389,541,379,541,372,542
116,545,144,546,190,547,228,549,283,547,331,546,356,545,356,562,331,563,283,563,228,565,190,563,144,563,116,561
100,610,127,610,190,611,228,610,266,613,330,613,358,615,357,633,330,632,266,631,228,629,190,629,127,628,99,628
53,635,81,635,164,635,229,636,311,635,360,636,388,637,387,653,359,652,311,651,229,652,164,651,81,651,53,651
106,678,137,677,173,676,219,676,284,678,321,677,353,678,352,695,321,695,284,696,219,694,173,694,138,695,106,696
52,699,80,699,144,700,218,700,283,700,375,701,403,701,403,717,374,717,283,715,218,716,144,716,80,715,52,715
