317,500,332,501,353,501,375,501,396,501,415,502,433,503,434,515,416,514,395,513,375,514,353,513,332,513,317,513
308,521,326,520,345,520,370,520,402,521,421,520,444,521,444,533,420,533,401,534,370,532,345,532,326,533,308,534
304,563,454,563,454,580,304,580
247,587,500,585,500,599,248,601
239,603,267,603,309,602,367,601,402,602,460,603,485,603,485,618,461,617,402,616,367,616,310,616,267,617,239,618
404,620,435,620,435,633,404,633
475,619,507,619,507,632,475,632
337,622,360,622,360,632,337,632
241,639,265,639,311,638,364,640,397,640,448,639,471,639,471,652,448,653,397,654,363,654,311,652,265,653,242,653
467,659,474,657,478,656,487,656,493,656,501,656,507,656,507,668,501,668,495,668,487,668,480,669,472,670,465,671
336,659,358,659,358,668,336,668
395,658,401,658,408,657,418,658,422,657,429,657,436,656,438,669,431,670,423,670,418,671,409,670,400,671,394,671
241,674,265,675,305,675,357,677,389,677,443,677,466,676,467,689,443,690,389,690,357,691,304,688,265,688,241,687
336,696,358,696,358,705,336,705
398,696,435,696,435,708,398,708
470,696,507,696,507,708,470,708
241,712,265,713,311,713,356,714,395,716,440,715,463,714,463,728,440,728,395,730,355,728,311,727,265,726,241,726
466,731,473,731,478,731,487,730,494,730,501,729,508,729,507,741,500,742,494,743,486,743,480,743,473,743,466,744
336,732,358,732,358,744,336,744
404,734,435,734,435,745,404,745
233,753,240,754,252,755,261,756,270,756,278,755,285,753,286,766,279,768,271,769,261,769,249,767,241,767,235,766
468,769,476,768,480,768,488,767,496,767,503,767,510,767,509,782,502,782,496,782,489,782,482,783,473,783,466,783
238,770,246,771,257,773,264,773,277,774,290,773,298,773,297,784,289,784,277,784,264,784,255,784,245,781,237,780
238,787,248,787,268,788,282,788,294,788,312,788,322,789,321,801,311,801,294,800,282,800,268,800,247,799,238,799
466,790,472,788,479,788,487,787,495,788,502,787,508,786,506,799,500,799,497,800,487,799,479,800,473,801,467,802
371,792,395,792,395,803,371,803
235,808,315,808,315,820,235,820
472,809,479,808,481,807,488,807,494,807,499,818,506,818,509,806,502,806,495,819,488,819,483,819,476,820,470,821
246,829,273,829,322,830,365,830,411,830,464,828,491,828,491,842,464,843,412,844,365,844,322,844,273,844,245,843
338,852,348,852,359,851,374,852,388,850,402,849,414,848,414,859,401,861,390,861,375,863,359,862,348,863,338,863
274,860,297,862,327,864,364,865,400,865,433,864,457,863,457,875,434,876,400,878,364,878,327,876,297,875,273,873
