240,56,292,58,386,61,478,63,581,63,670,60,738,58,739,97,671,100,583,103,478,103,384,101,290,98,238,95
176,111,238,112,335,110,511,118,648,112,759,109,821,104,822,140,760,145,648,148,511,154,333,146,237,148,175,147
337,159,660,162,660,197,337,194
421,225,586,225,586,264,421,264
66,317,256,317,256,350,66,350
761,319,931,319,931,355,761,355
60,362,103,362,144,366,189,363,232,367,274,365,317,367,317,399,275,398,231,399,189,396,143,398,103,395,60,395
835,365,931,365,931,398,835,398
62,407,102,409,128,411,174,410,223,409,251,408,284,406,284,440,251,442,224,443,173,445,128,446,100,443,60,441
712,419,745,417,780,414,821,415,867,417,904,416,932,418,932,443,904,442,866,442,820,441,781,440,746,443,713,445
71,457,220,457,220,492,71,492
650,457,936,457,936,490,650,490
649,503,934,499,934,534,650,538
73,505,190,505,190,538,73,538
815,609,947,609,947,644,815,644
634,614,685,614,685,647,634,647
69,617,94,616,125,618,170,615,195,614,241,621,259,622,254,658,236,656,193,651,172,651,127,654,92,652,67,653
835,667,952,667,952,700,835,700
71,680,103,679,168,675,224,675,297,670,336,672,385,672,385,700,335,700,298,699,224,704,169,704,104,708,72,709
68,712,86,711,108,711,137,709,156,709,179,709,197,709,199,743,181,743,159,743,139,743,108,745,86,745,67,747
845,759,959,759,959,792,845,792
67,763,122,765,158,764,212,766,274,768,333,763,369,762,369,795,332,796,275,801,211,799,159,797,124,798,68,796
76,804,195,804,195,840,76,840
853,850,969,850,969,883,853,883
66,860,122,861,154,860,221,862,280,860,327,859,363,859,364,891,328,892,279,893,223,894,153,893,124,894,68,893
73,901,198,901,198,936,73,936
860,944,977,944,977,977,860,977
70,960,88,959,124,964,159,957,188,956,222,958,240,959,238,994,220,993,188,991,162,992,127,999,87,994,69,995
73,1000,198,1000,198,1035,73,1035
677,1046,700,1046,700,1084,677,1084
870,1041,985,1041,985,1076,870,1076
76,1061,137,1061,137,1096,76,1096
67,1103,87,1102,109,1100,121,1100,141,1099,166,1099,185,1098,184,1136,164,1137,144,1137,125,1138,111,1138,84,1139,64,1140
874,1139,890,1140,912,1141,934,1141,956,1137,979,1137,995,1135,993,1168,976,1170,959,1169,936,1174,908,1173,890,1173,874,1172
74,1169,110,1169,191,1165,239,1165,297,1160,376,1157,418,1152,418,1184,376,1189,298,1191,240,1197,192,1197,112,1200,75,1201
71,1208,89,1207,117,1205,139,1205,164,1201,189,1202,207,1201,205,1237,187,1238,166,1237,146,1240,113,1240,91,1243,73,1244
857,1275,875,1275,901,1275,928,1275,950,1272,973,1272,998,1269,1002,1304,977,1307,950,1307,932,1309,900,1309,875,1309,857,1309
84,1293,190,1301,187,1344,81,1337
796,1402,997,1397,998,1439,797,1444
95,1416,211,1427,207,1472,91,1461
839,1452,1000,1447,1001,1480,840,1486
99,1472,261,1472,261,1508,99,1508
228,1531,278,1530,425,1526,524,1524,673,1521,774,1515,824,1513,825,1541,775,1544,674,1549,525,1553,426,1555,279,1559,229,1559
401,1573,438,1570,488,1567,544,1565,596,1565,650,1560,687,1558,687,1580,650,1582,598,1586,545,1587,489,1589,438,1592,401,1594
