179,102,404,102,404,125,179,125
190,130,394,133,394,154,190,152
10,147,148,147,148,183,10,183
203,158,380,160,380,184,203,181
228,186,355,186,355,208,228,208
144,232,299,234,299,255,144,253
10,258,268,258,268,280,10,280
324,260,430,258,431,278,325,281
10,282,19,283,36,282,49,284,68,284,81,283,94,283,94,300,81,301,68,302,50,302,35,300,17,300,8,299
306,284,440,284,440,304,306,304
6,335,27,334,36,333,58,333,70,333,90,336,100,337,98,356,88,354,69,352,58,352,37,352,27,352,6,354
367,333,430,333,430,354,367,354
193,334,202,335,212,337,229,336,234,337,251,335,261,336,260,354,251,353,237,354,225,353,214,354,201,352,192,352
296,336,316,336,316,354,296,354
13,355,329,360,329,382,12,378
13,384,148,384,148,403,13,403
385,384,440,384,440,403,385,403
216,385,268,385,268,403,216,403
13,409,36,409,36,426,13,426
375,410,436,410,436,426,375,426
9,431,40,432,92,433,151,434,213,433,271,433,299,432,298,452,271,452,212,452,151,454,92,453,40,452,8,451
14,458,150,458,150,476,14,476
216,458,270,458,270,476,216,476
384,458,437,458,437,475,384,475
15,504,231,504,231,526,15,526
385,507,437,507,437,523,385,523
15,528,182,528,182,550,15,550
365,531,426,531,426,547,365,547
15,553,160,553,160,576,15,576
385,556,437,556,437,572,385,572
24,582,41,581,51,580,65,581,84,581,96,580,113,580,114,597,97,598,83,599,66,599,51,597,41,599,25,599
385,581,437,581,437,596,385,596
17,602,141,602,141,624,17,624
426,607,437,607,437,621,426,621
98,627,358,624,358,647,98,650
86,700,113,699,162,700,221,698,262,700,322,701,357,703,357,723,322,721,261,720,221,718,163,720,114,720,87,721
32,727,64,726,154,726,223,724,322,724,363,725,395,726,394,744,362,744,322,743,223,742,154,744,64,745,32,746
77,773,112,773,164,772,213,773,283,774,325,773,361,773,360,792,325,793,283,794,213,793,164,792,112,793,77,793
18,799,430,799,430,818,18,818
