192,94,397,84,399,106,193,117
168,137,201,134,254,129,298,127,350,123,377,122,411,120,411,139,378,141,351,142,300,146,254,148,201,153,168,156
36,165,73,165,73,182,36,182
162,207,438,195,439,226,163,237
417,239,529,234,530,253,418,258
312,239,322,241,336,242,350,242,366,244,384,238,393,237,395,256,385,258,367,263,350,261,336,262,322,260,312,259
236,246,278,244,279,262,237,264
187,249,213,249,213,266,187,266
61,248,156,251,155,271,60,268
53,282,466,269,467,289,54,302
347,304,357,304,364,305,375,302,384,302,396,302,410,302,409,321,395,320,387,320,376,321,367,324,354,322,344,323
53,311,173,311,173,331,53,331
473,330,483,331,498,331,511,331,527,329,540,329,551,329,548,349,538,350,528,350,515,351,495,352,483,352,472,351
348,337,404,333,405,352,350,356
223,339,261,339,261,355,223,355
53,342,135,342,135,360,53,360
52,378,392,369,393,390,53,399
351,403,360,404,368,406,377,403,389,402,401,402,411,402,409,421,400,422,389,422,379,422,368,425,358,423,348,422
50,409,71,409,95,407,109,408,134,410,150,406,171,404,171,423,150,426,134,430,108,427,95,427,72,428,50,429
475,433,486,433,500,433,516,433,528,432,542,432,553,431,553,452,542,452,529,452,518,454,498,453,486,454,475,454
350,437,360,436,366,438,376,436,389,435,401,435,411,434,410,454,400,455,389,455,378,456,368,458,356,456,346,457
224,438,263,438,263,454,224,454
161,439,187,439,187,455,161,455
53,441,129,441,129,459,53,459
43,482,54,483,71,480,90,485,103,483,118,481,129,477,131,498,121,502,106,503,88,506,68,501,55,504,45,503
192,486,217,486,217,502,192,502
485,506,555,506,555,529,485,529
48,509,161,514,160,537,47,532
483,549,494,549,508,550,524,549,535,548,549,548,559,548,560,568,549,569,536,569,526,569,506,570,493,569,483,569
46,551,56,553,82,553,92,555,106,553,124,551,143,546,141,567,122,572,108,573,93,576,79,574,57,573,47,572
50,582,200,582,200,601,50,601
484,583,495,583,508,583,524,582,535,582,547,582,558,581,559,601,548,602,536,602,526,602,506,603,495,603,484,603
293,585,339,585,339,604,293,604
122,626,158,627,205,629,296,629,380,631,466,626,503,625,503,646,467,647,380,652,296,650,204,650,158,648,122,647
238,666,256,665,285,665,309,663,329,665,357,662,379,663,379,682,358,682,330,684,311,683,284,685,255,684,237,685
130,694,161,694,246,692,318,691,353,689,427,685,457,683,458,700,428,703,353,707,318,708,246,709,160,711,130,711
