190,79,309,79,309,98,190,98
172,104,193,103,223,102,244,102,278,101,302,102,329,101,328,117,300,118,277,117,244,118,223,118,193,119,172,120
30,119,137,119,137,147,30,147
182,124,207,125,231,123,246,125,278,126,291,124,315,122,316,137,292,140,277,142,245,140,232,139,207,140,182,139
199,147,298,147,298,162,199,162
131,185,255,185,255,200,131,200
274,205,358,203,359,219,274,222
29,206,229,206,229,221,29,221
28,224,36,225,50,225,59,225,74,226,83,226,95,227,95,242,84,241,74,241,60,240,49,240,35,240,27,239
260,225,367,225,367,241,260,241
304,266,312,265,321,265,330,265,341,264,352,264,360,264,358,278,350,279,343,279,330,280,321,280,312,280,304,281
29,266,37,265,50,265,67,264,76,264,87,266,98,268,95,283,84,281,75,280,65,280,52,281,37,281,29,282
171,265,179,265,187,266,201,266,207,266,215,265,223,265,224,280,216,280,210,280,197,281,187,281,178,280,171,280
252,266,267,266,267,280,252,280
43,283,74,283,129,285,177,285,232,283,304,284,335,284,335,300,304,301,233,300,177,302,129,302,73,300,42,300
315,304,365,304,365,319,315,319
30,305,135,305,135,319,30,319
178,305,186,305,194,305,203,305,216,305,223,305,231,305,232,320,224,320,216,320,204,320,193,320,185,320,178,319
29,326,53,325,90,325,137,324,161,325,195,325,219,326,219,340,195,339,161,338,138,338,90,339,53,339,29,340
32,343,137,343,137,358,32,358
313,343,365,343,365,357,313,357
180,344,229,344,229,358,180,358
40,361,68,362,114,363,194,364,224,363,277,362,305,361,305,376,277,377,224,378,194,379,114,378,68,377,40,376
32,382,137,382,137,398,32,398
180,382,229,382,229,396,180,396
313,382,365,382,365,396,313,396
32,402,51,402,51,416,32,416
315,402,364,402,364,416,315,416
32,419,322,419,322,437,32,437
32,440,135,440,135,455,32,455
188,441,229,439,230,454,189,456
269,442,277,442,277,454,269,454
315,441,365,441,365,455,315,455
32,476,200,476,200,493,32,493
306,479,365,479,365,494,306,494
32,496,161,496,161,512,32,512
306,500,357,500,357,514,306,514
30,515,51,516,65,517,91,518,106,517,124,517,145,515,146,529,125,530,107,531,91,532,65,531,51,530,30,528
306,519,313,519,328,518,336,520,345,520,361,519,368,518,367,532,359,533,345,534,337,534,326,532,314,533,307,533
39,535,105,535,105,552,39,552
306,536,318,537,326,537,335,539,345,539,360,539,368,539,368,554,360,554,344,553,335,554,326,552,317,552,306,551
30,555,128,555,128,571,30,571
93,574,114,575,160,575,191,576,226,575,265,576,292,575,292,590,264,591,226,590,191,591,160,590,114,590,94,589
32,613,166,613,166,630,32,630
30,634,228,633,228,649,30,650
30,653,135,653,135,669,30,669
227,653,366,656,365,673,226,669
83,709,107,710,160,712,192,712,225,712,280,714,301,715,301,731,280,730,224,728,192,727,160,727,107,725,83,725
43,731,67,732,128,733,194,733,263,733,304,734,328,734,328,748,304,748,263,746,194,747,128,747,67,745,42,745
78,769,106,769,145,768,184,769,241,771,273,770,301,769,300,785,273,786,241,787,184,785,145,784,106,785,78,785
58,790,82,790,145,788,184,790,241,790,304,791,328,791,328,805,304,805,241,805,184,804,145,802,82,805,58,805
