83,26,276,1,281,44,89,69
146,81,347,54,351,81,149,108
79,88,104,88,104,113,79,113
90,122,379,90,383,123,93,154
171,163,387,142,389,168,173,188
66,174,129,168,132,191,68,198
174,202,385,187,387,212,176,227
64,213,119,213,119,234,64,234
58,248,255,237,256,261,59,273
512,264,602,260,603,286,513,289
366,268,435,266,436,292,366,294
273,275,303,275,303,298,273,298
67,287,75,288,97,287,116,287,123,287,142,285,158,284,156,301,141,302,127,304,115,304,96,304,76,305,67,304
498,320,596,318,596,343,499,345
350,322,436,322,436,346,350,346
284,328,296,328,296,347,284,347
47,331,98,330,99,353,47,355
498,363,595,363,595,386,498,386
351,364,438,364,438,386,351,386
54,370,78,370,78,389,54,389
40,408,88,415,84,439,37,432
284,413,300,413,300,434,284,434
484,412,589,414,589,439,484,438
30,454,52,457,78,462,121,461,150,461,179,461,210,459,208,482,176,484,150,484,120,485,79,486,49,481,27,478
484,470,588,474,587,502,483,499
36,504,303,519,302,546,34,531
453,526,592,532,591,561,452,555
311,586,586,606,584,634,309,613
300,666,315,669,339,671,360,674,384,676,406,681,420,684,419,697,404,694,382,689,359,688,337,685,315,682,300,680
510,688,586,695,585,713,508,705
304,686,324,691,339,694,362,697,384,699,412,702,426,702,424,717,410,716,382,714,361,712,337,709,323,706,303,701
569,721,583,721,583,736,569,736
