223,127,331,127,331,150,223,150
31,166,54,164,104,163,136,161,177,161,210,166,249,171,250,196,211,192,175,186,137,187,105,188,54,189,31,192
36,222,71,223,150,223,231,227,305,223,407,223,442,221,441,240,407,242,305,242,231,247,150,242,71,243,36,241
36,272,69,270,113,270,158,268,216,267,264,267,297,266,296,285,263,285,217,286,157,286,113,289,68,289,36,290
389,307,437,306,437,326,390,327
482,307,509,307,509,325,482,325
172,308,224,308,224,327,172,327
28,350,323,347,323,367,28,370
370,349,393,349,393,371,370,371
370,390,393,390,393,411,370,411
26,389,226,392,226,414,26,411
516,427,526,427,526,445,516,445
24,432,136,429,136,453,24,456
368,438,376,436,387,433,397,432,406,434,417,434,426,436,425,452,417,449,407,449,395,448,392,448,379,452,371,454
366,480,376,478,387,473,397,473,406,474,419,475,429,477,428,496,418,493,406,492,395,492,392,491,381,496,372,498
22,477,227,473,227,495,22,498
370,516,405,516,405,535,370,535
19,518,181,522,180,545,18,542
