178,197,196,196,213,198,235,195,262,196,281,197,299,199,296,214,279,213,261,212,236,211,214,214,194,212,177,212
129,223,166,219,188,216,233,216,281,216,319,216,356,216,356,236,319,236,282,236,233,236,188,236,166,239,129,243
115,240,365,240,365,261,115,261
44,269,76,268,146,265,217,264,313,266,388,268,420,269,420,288,388,287,314,285,217,283,146,283,76,286,44,288
52,289,414,289,414,309,52,309
69,311,106,313,171,315,239,316,295,315,381,313,417,311,417,331,381,333,295,335,240,336,171,335,105,333,69,331
119,340,147,340,204,339,251,339,308,339,344,339,376,338,375,357,343,358,308,358,250,358,205,357,146,358,118,359
97,361,129,362,186,367,234,363,299,366,345,362,377,361,377,379,345,381,299,385,234,382,186,385,128,380,96,380
117,386,149,388,195,388,245,391,291,389,356,388,388,385,388,403,356,406,291,407,245,410,195,406,148,406,116,404
121,413,149,414,195,413,264,417,321,417,349,414,376,410,377,426,349,430,321,433,263,433,195,430,148,430,121,429
110,461,393,461,393,479,110,479
57,487,89,486,161,487,251,484,295,485,372,488,404,489,403,508,371,507,295,503,251,503,161,505,89,505,57,506
52,529,62,531,80,534,89,535,106,531,120,531,134,528,134,548,119,551,107,551,91,555,79,554,60,551,49,549
188,535,225,533,279,531,306,531,364,531,403,531,440,532,440,553,403,552,364,552,307,551,279,552,226,554,189,556
54,556,91,557,167,556,253,560,310,559,403,555,440,554,440,575,403,577,310,581,252,581,167,577,91,578,54,577
61,603,102,604,169,604,236,604,321,603,387,605,428,606,427,629,386,628,321,625,236,627,169,626,102,626,61,626
210,627,227,628,237,630,256,628,277,629,293,627,304,626,305,649,293,649,276,651,256,650,239,652,227,650,210,649
354,627,369,628,380,631,396,628,411,628,428,628,442,628,442,648,427,648,411,648,397,648,380,651,369,648,354,647
59,631,121,631,121,649,59,649
357,677,373,677,383,679,400,676,422,677,439,676,451,676,450,699,438,699,422,700,401,699,384,702,372,700,355,700
60,685,96,683,144,679,172,680,211,680,252,679,289,678,288,698,252,699,211,700,172,700,145,699,96,703,60,705
110,711,134,708,163,708,195,704,232,709,262,707,289,710,288,726,261,723,232,724,195,720,164,724,134,724,109,727
61,754,89,755,136,754,165,755,215,753,247,754,279,755,278,774,246,773,215,772,165,773,138,772,88,774,60,773
359,776,378,778,389,780,406,778,428,779,439,778,454,776,453,796,438,798,428,799,406,798,390,800,378,798,359,796
67,780,145,780,145,801,67,801
375,802,453,802,453,827,375,827
63,807,91,807,129,807,168,806,207,804,247,804,279,804,278,822,246,823,208,823,169,825,130,826,90,826,62,826
63,829,100,828,169,828,237,828,287,828,334,828,376,828,375,850,333,850,287,850,237,850,169,850,101,851,64,851
87,855,156,855,156,875,87,875
89,881,158,881,158,899,89,899
91,906,228,908,227,928,91,926
91,929,354,929,354,954,91,954
88,1014,120,1012,196,1009,284,1007,342,1004,392,1005,424,1005,424,1023,392,1023,342,1022,284,1025,197,1027,121,1030,89,1032
113,1042,150,1038,210,1031,258,1030,314,1028,366,1031,402,1034,403,1054,366,1052,314,1048,259,1050,210,1052,151,1058,114,1062
74,1090,110,1087,181,1083,222,1079,300,1077,347,1075,388,1074,389,1097,348,1099,301,1101,223,1103,182,1107,111,1110,75,1113
418,1077,468,1077,468,1097,418,1097
