155,94,356,92,357,115,155,116
125,133,162,131,200,129,260,129,298,129,338,128,375,128,375,148,338,149,299,149,260,150,200,150,162,152,125,154
8,162,32,162,32,178,8,178
122,203,398,203,398,234,122,234
377,243,486,243,486,263,377,263
194,244,239,244,239,263,194,263
272,241,282,243,296,245,310,245,326,247,343,244,353,243,354,262,344,262,326,266,310,264,295,263,282,262,272,260
142,245,169,245,169,263,142,263
17,244,112,249,111,269,16,264
27,277,61,276,133,275,255,274,333,277,417,274,451,275,451,295,417,294,333,297,255,294,133,295,61,296,27,297
179,307,219,307,219,323,179,323
293,305,303,305,316,306,331,306,344,306,356,306,367,306,367,326,357,326,344,326,333,326,313,326,302,325,291,325
431,306,441,306,454,306,469,306,483,306,495,306,506,307,505,327,495,327,482,326,471,326,452,327,440,326,430,326
24,345,58,344,143,344,229,343,333,344,396,347,430,349,430,369,397,367,333,363,229,363,143,363,58,364,24,364
178,376,218,376,218,393,178,393
290,375,301,375,316,374,332,375,345,374,357,374,368,373,368,394,358,395,346,395,333,396,313,395,302,396,291,396
433,375,443,375,458,375,471,375,487,375,500,375,510,375,510,396,499,396,487,396,474,396,455,396,443,396,432,396
12,414,319,412,319,434,12,436
177,448,218,448,218,465,177,465
293,447,304,447,319,447,334,446,346,446,360,446,371,446,371,468,360,468,346,468,337,468,315,469,303,469,292,469
436,447,448,447,461,447,476,447,491,447,504,447,516,446,515,468,504,469,492,469,478,469,459,469,448,469,436,469
10,491,80,494,79,518,9,515
156,498,169,498,169,514,156,514
9,529,27,526,38,528,52,525,70,524,92,528,102,529,100,548,90,548,67,544,53,545,39,548,23,545,5,548
442,525,453,525,469,525,484,525,498,525,512,525,523,525,523,547,512,547,499,547,486,547,465,547,453,547,442,547
12,555,149,555,149,577,12,577
240,561,288,561,288,582,240,582
433,561,444,563,466,563,474,564,489,563,512,562,523,561,523,581,512,583,490,583,475,585,466,583,443,583,432,581
10,594,33,594,49,593,73,596,98,595,115,596,139,595,139,616,115,617,97,616,73,617,50,614,34,615,10,615
429,597,440,600,463,600,473,602,488,600,508,600,519,598,520,618,509,620,488,621,474,623,462,620,440,620,429,617
56,638,96,639,155,641,251,641,336,647,437,642,476,642,476,665,437,665,336,670,250,664,154,664,95,662,56,661
189,679,207,679,237,680,261,680,285,681,313,680,335,680,335,699,313,699,285,700,263,699,235,699,206,698,188,698
90,703,121,705,197,705,260,707,307,705,373,704,404,701,405,719,374,721,308,722,260,725,197,722,120,722,89,721
