311,327,481,327,481,346,311,346
287,358,500,358,500,375,287,375
174,382,206,382,206,398,174,398
280,422,513,422,513,449,280,449
202,455,231,456,302,458,371,457,451,459,519,456,548,456,548,473,519,473,452,476,371,474,302,475,231,473,202,472
212,482,249,482,298,482,364,483,445,485,519,482,556,482,556,502,519,503,445,505,364,503,298,503,249,503,212,502
326,510,333,511,339,511,342,512,353,511,354,525,361,525,366,513,359,512,350,524,345,525,338,524,331,524,324,523
422,510,480,510,480,529,422,529
539,510,600,510,600,529,539,529
191,539,224,540,297,540,366,541,465,541,514,541,547,541,547,560,514,560,465,560,365,560,296,559,224,559,191,558
324,568,358,568,358,584,324,584
420,568,481,568,481,586,420,586
537,568,547,568,560,568,573,568,583,568,595,568,606,568,605,589,595,589,584,589,574,589,558,589,547,589,536,589
165,600,174,603,195,604,203,606,217,605,230,604,244,601,243,620,230,623,219,624,203,626,192,624,176,622,166,620
167,627,258,634,256,657,165,649
546,635,606,635,606,654,546,654
167,655,298,658,297,679,166,676
378,662,419,662,419,681,378,681
542,665,553,665,562,665,576,665,588,665,602,665,613,665,608,685,597,685,589,685,574,685,565,685,552,685,541,685
194,700,228,700,300,701,381,703,453,707,529,706,563,706,562,726,529,725,453,727,381,723,300,720,227,720,194,719
327,735,451,735,451,757,327,757
232,759,261,759,310,758,376,760,450,763,485,760,514,758,514,775,485,777,450,780,375,777,310,776,261,776,232,776
