206,32,236,32,236,43,206,43
233,44,252,44,252,53,233,53
181,48,278,55,277,69,180,62
287,59,306,59,306,69,287,69
123,60,236,60,236,78,123,78
264,66,345,73,344,87,262,80
194,78,225,79,252,80,299,80,325,83,366,83,393,86,392,103,365,100,324,100,298,96,252,97,225,95,195,95
416,90,480,102,478,113,414,100
130,97,161,97,222,97,309,98,353,101,423,106,454,109,451,127,420,123,351,119,309,115,221,115,160,114,130,115
150,114,448,119,448,140,150,134
212,149,238,148,259,146,303,147,335,145,389,145,412,143,412,158,389,160,336,160,304,162,259,161,237,163,211,164
95,160,130,163,199,165,269,167,353,163,423,163,458,162,458,183,423,184,354,184,270,188,198,186,130,183,95,181
220,202,255,200,298,198,346,196,411,194,443,193,478,192,479,213,443,214,411,215,347,217,299,218,256,221,221,222
87,195,163,195,163,215,87,215
82,217,112,217,143,216,174,218,214,218,255,218,282,217,281,235,254,236,213,236,174,236,142,234,112,235,81,235
360,217,487,213,488,234,360,238
90,253,125,254,188,256,259,258,330,260,421,257,457,257,457,277,421,277,330,280,258,278,187,276,124,274,89,273
78,274,130,274,130,294,78,294
239,279,250,279,264,279,279,278,298,280,310,279,324,279,325,298,311,298,298,300,278,297,265,298,248,298,237,298
389,281,402,279,418,279,433,277,451,279,465,277,481,277,480,295,464,294,451,297,433,295,419,297,400,297,388,299
80,295,91,296,108,298,129,300,138,299,152,300,167,299,166,315,152,316,139,314,126,315,108,313,90,312,79,311
329,299,414,297,414,319,330,321
73,313,473,319,473,343,73,337
78,335,121,335,121,355,78,355
222,339,315,339,315,360,222,360
69,340,473,340,473,385,69,385
69,376,120,376,120,398,69,398
217,376,233,379,245,381,264,381,278,380,296,381,312,380,312,402,296,402,278,401,264,402,245,403,232,401,216,398
371,380,467,385,466,407,370,402
77,397,158,401,157,421,76,417
308,403,401,403,401,423,308,423
85,417,121,416,182,419,251,420,334,418,392,445,427,456,424,476,390,465,330,438,251,441,181,439,121,437,85,438
64,439,118,439,118,457,64,457
211,440,229,441,241,443,262,441,275,442,291,442,309,443,308,462,290,461,274,461,262,460,241,462,228,460,210,459
64,457,446,463,446,484,64,478
59,478,116,478,116,498,59,498
213,480,304,480,304,500,213,500
59,482,453,482,453,521,59,521
57,518,113,518,113,538,57,538
205,516,226,517,235,519,255,517,276,518,287,517,303,516,303,538,287,539,276,539,255,539,236,540,225,539,204,537
358,520,450,520,450,539,358,539
342,539,350,539,363,541,371,540,372,540,382,538,391,536,390,553,381,555,378,555,369,557,360,557,355,556,346,555
59,539,73,539,90,541,111,539,123,541,134,540,148,540,149,559,134,559,125,560,108,558,91,560,73,558,58,558
64,561,100,560,153,559,219,559,282,558,339,559,374,559,374,578,339,578,282,577,219,578,153,578,100,579,65,580
56,579,96,578,169,578,230,576,300,577,396,577,435,578,436,599,396,599,300,599,230,598,169,599,96,599,57,601
347,598,365,597,383,596,393,596,414,597,425,596,444,595,443,615,425,615,415,616,393,615,382,615,365,616,347,617
212,599,295,597,296,617,213,619
49,600,103,598,104,618,50,621
130,600,143,600,143,618,130,618
295,619,307,619,325,617,343,617,353,619,372,615,381,615,383,633,374,633,354,637,343,636,326,635,308,637,295,637
57,619,140,622,139,643,56,640
44,638,435,636,435,658,44,660
355,656,435,656,435,676,355,676
205,660,215,659,230,658,245,658,263,659,274,657,288,656,289,675,275,677,264,678,244,677,231,677,214,678,204,679
43,661,96,661,96,681,43,681
71,680,106,680,148,679,219,679,312,678,380,677,415,676,415,696,380,697,312,698,219,699,148,699,107,700,72,700
351,697,432,694,432,715,351,718
201,701,211,700,226,699,240,699,258,700,270,699,285,697,285,717,271,718,259,719,241,719,227,719,211,719,200,720
37,703,91,703,91,722,37,722
35,722,432,713,432,736,35,745
349,735,432,735,432,756,349,756
197,744,213,741,224,739,244,739,255,739,273,738,285,737,286,758,275,759,255,761,244,761,226,760,212,763,196,765
32,744,87,744,87,765,32,765
283,759,293,759,313,758,325,757,344,759,358,756,369,757,377,776,367,775,343,780,325,777,312,778,296,779,286,779
143,784,178,783,217,784,271,780,321,779,382,779,417,780,418,800,383,799,321,800,271,800,218,805,179,803,143,804
344,798,428,798,428,819,344,819
191,801,276,801,276,825,191,825
279,819,296,821,306,821,327,820,339,820,354,817,365,815,376,835,365,837,338,842,329,843,307,844,296,844,279,842
89,834,118,834,118,846,89,846
313,855,414,855,414,869,313,869
27,865,43,863,78,862,100,861,131,859,160,859,188,858,189,876,162,877,131,877,102,879,77,880,45,881,29,883
26,882,82,882,82,904,26,904
232,938,255,936,277,934,307,934,339,932,369,931,395,930,396,945,370,946,339,947,307,948,277,948,256,951,233,952
26,941,118,941,118,954,26,954
13,966,47,967,119,965,181,967,265,964,317,962,357,960,357,982,318,984,266,986,182,988,119,987,48,989,13,988
323,984,336,983,354,981,367,981,387,981,398,981,414,981,415,998,399,998,389,998,366,998,354,999,337,1000,325,1001
175,987,183,987,200,985,214,985,233,987,245,985,259,984,260,999,247,1000,234,1002,213,1000,200,1001,185,1002,177,1003
10,987,64,985,65,1004,10,1006
10,1000,410,1000,410,1020,10,1020
326,1015,408,1015,408,1033,326,1033
14,1018,66,1018,66,1033,14,1033
174,1018,182,1018,198,1018,212,1018,232,1018,244,1018,261,1018,260,1032,244,1032,231,1032,212,1032,198,1032,183,1032,175,1032
12,1037,79,1045,78,1056,11,1048
87,1043,244,1046,243,1073,87,1070
306,1047,405,1044,405,1058,306,1061
69,1054,100,1054,100,1065,69,1065
107,1058,129,1058,129,1067,107,1067
138,1071,233,1078,233,1089,137,1083
300,1083,397,1076,398,1090,301,1096
32,1078,60,1083,58,1094,30,1088
75,1088,95,1088,95,1104,75,1104
298,1097,394,1091,395,1104,299,1110
140,1095,148,1097,154,1096,160,1099,168,1100,178,1101,187,1103,182,1119,173,1117,166,1116,160,1115,152,1113,144,1114,136,1112
331,1108,392,1108,392,1137,331,1137
