294,249,536,236,537,270,295,282
265,288,297,289,337,291,398,288,471,287,526,284,558,281,559,300,527,302,472,305,399,307,337,310,296,307,264,306
390,311,426,315,425,332,388,329
267,338,303,340,350,343,398,342,464,342,507,342,543,342,544,362,508,363,463,362,399,363,350,363,302,360,266,358
281,388,307,389,350,393,399,391,439,390,497,390,533,389,532,411,497,412,439,412,401,413,350,415,305,411,280,410
312,422,490,418,491,440,313,444
284,446,308,445,351,445,391,444,434,442,476,443,508,443,508,462,476,462,434,461,392,462,351,464,307,464,283,465
227,479,259,484,297,488,331,492,358,489,400,490,432,486,432,505,400,509,357,508,331,511,295,506,258,503,226,497
220,508,270,508,270,530,220,530
216,534,226,535,238,538,251,536,266,538,284,539,293,541,293,560,284,558,263,557,253,555,236,556,223,553,214,553
215,561,349,566,349,587,214,582
213,590,476,598,476,622,213,614
216,646,228,647,242,648,258,648,275,651,288,649,303,648,301,665,286,665,274,667,258,665,242,664,227,663,216,662
416,654,555,657,554,682,415,679
221,672,252,676,310,681,349,684,405,682,445,682,477,680,477,698,445,701,404,701,350,703,308,700,252,695,220,691
223,707,293,707,293,729,223,729
475,710,483,710,496,712,513,712,526,715,537,714,545,714,544,730,536,730,525,731,512,728,496,728,484,726,476,726
224,735,253,740,305,743,353,747,407,738,451,737,483,732,484,750,452,756,408,756,356,765,303,761,252,758,223,754
474,763,535,763,535,779,474,779
228,770,294,773,293,793,227,790
468,819,529,815,531,832,470,836
289,838,310,840,330,847,356,838,385,832,422,830,435,827,436,845,423,848,388,850,360,856,332,865,305,857,285,856
518,849,528,849,528,861,518,861
323,874,332,872,358,865,370,863,397,859,414,856,427,855,428,873,415,874,400,876,373,880,363,882,336,889,327,892
465,877,473,876,484,874,498,873,511,874,522,874,530,875,530,891,522,890,510,891,498,890,486,890,474,892,466,893
277,896,294,897,320,900,351,895,389,886,410,885,434,879,437,897,412,903,392,904,356,913,322,918,292,915,274,914
228,919,256,921,318,927,365,922,417,911,487,902,511,896,513,911,488,918,419,927,368,937,318,943,254,937,226,935
278,995,302,992,347,991,382,984,419,981,445,977,472,973,475,989,447,993,421,997,384,1000,349,1007,302,1008,278,1011
