223,423,248,425,298,428,326,429,374,431,404,430,442,430,442,451,405,451,374,452,325,450,296,448,246,446,222,444
236,449,258,451,298,453,327,455,368,455,399,454,424,454,424,468,400,469,367,469,327,469,297,467,257,465,235,463
296,473,316,473,316,485,296,485
359,475,369,475,369,488,359,488
195,486,224,486,273,487,330,488,394,486,429,486,458,486,459,501,430,502,394,502,330,504,272,503,223,502,194,501
194,503,205,503,225,504,238,504,258,506,278,505,289,505,289,516,278,517,258,517,238,516,224,516,204,514,193,514
194,517,200,517,213,518,227,519,240,519,258,523,267,523,266,535,257,534,239,531,226,531,213,530,199,529,193,529
448,542,482,542,482,552,448,552
242,544,290,546,289,559,242,556
364,544,394,544,394,556,364,556
215,562,225,562,239,561,253,561,266,563,282,563,295,564,294,577,281,576,267,576,253,574,238,574,226,575,215,576
446,567,485,565,486,578,446,580
359,568,366,568,371,568,380,568,389,567,396,567,403,566,402,580,395,580,389,580,379,581,372,581,365,581,358,581
215,578,247,578,247,591,215,591
446,587,488,585,489,600,446,602
215,593,283,593,283,605,215,605
364,591,401,591,401,603,364,603
215,608,295,608,295,622,215,622
450,608,488,608,488,622,450,622
361,611,402,608,403,623,362,626
215,622,305,619,305,633,215,635
435,633,442,633,452,631,466,631,473,632,485,630,492,630,493,644,486,644,475,646,465,645,453,645,442,647,435,647
210,637,281,637,281,650,210,650
460,652,492,652,492,665,460,665
218,657,228,656,237,656,246,656,257,656,266,656,276,656,277,669,267,669,256,669,247,669,237,669,229,670,219,670
441,672,493,672,493,686,441,686
212,677,291,677,291,691,212,691
443,687,495,687,495,701,443,701
210,692,311,692,311,704,210,704
463,703,497,703,497,716,463,716
209,708,264,708,264,719,209,719
448,722,455,721,465,720,473,720,484,720,492,720,499,721,499,734,492,734,484,734,472,733,467,733,454,734,447,735
209,725,225,725,235,725,251,725,266,723,283,723,299,721,299,735,283,736,267,736,252,738,235,738,225,738,209,738
