288,193,690,193,690,230,288,230
116,247,171,249,334,250,512,252,670,249,752,249,806,248,808,279,754,280,670,281,512,283,334,281,170,280,116,278
292,303,692,301,692,331,292,333
314,415,679,415,679,452,314,452
641,494,678,489,723,484,765,480,813,477,873,476,906,475,907,504,875,505,815,506,767,509,725,513,678,518,641,524
79,476,305,476,305,515,79,515
725,602,910,594,911,634,727,642
413,613,428,615,453,617,475,619,499,619,526,614,541,612,544,641,530,643,499,648,476,648,450,646,428,644,414,642
82,616,132,616,132,646,82,646
72,673,128,673,220,673,327,673,437,671,510,669,573,667,573,704,509,706,439,707,325,709,220,709,128,710,72,710
787,720,914,717,915,756,787,759
418,730,542,725,544,764,420,770
84,800,132,798,206,797,280,795,342,793,428,792,491,789,489,824,426,827,343,829,281,831,208,833,131,834,83,835
791,843,919,834,922,873,794,882
419,851,437,851,460,850,485,850,509,847,531,847,550,846,551,883,532,884,510,884,491,885,458,886,437,887,418,888
789,912,808,912,831,912,858,911,885,908,905,908,923,907,925,944,906,944,886,944,865,946,827,948,806,948,788,948
83,939,135,935,176,938,240,926,296,927,338,929,382,932,379,971,335,968,297,966,242,965,179,977,132,974,80,978
251,1040,305,1037,393,1040,508,1027,586,1024,678,1024,733,1023,735,1054,680,1054,585,1055,509,1058,396,1070,305,1068,250,1071
