167,91,257,88,258,110,168,113
61,114,95,115,137,115,199,116,254,114,327,111,361,109,361,130,327,132,254,134,200,136,137,135,95,135,60,134
84,135,342,133,342,156,84,158
123,162,296,158,296,178,123,181
123,194,294,194,294,211,123,211
82,213,351,213,351,229,82,229
135,234,283,234,283,248,135,248
39,259,120,262,119,276,39,273
39,278,70,278,70,292,39,292
39,298,85,298,85,312,39,312
38,339,94,341,94,355,37,353
289,343,366,341,366,355,289,357
37,359,190,362,190,377,36,373
35,381,82,381,82,395,35,395
316,385,367,385,367,404,316,404
35,401,108,404,108,417,35,415
37,422,81,422,81,436,37,436
315,427,365,427,365,446,315,446
34,442,162,444,162,458,34,456
35,463,80,463,80,477,35,477
314,469,362,469,362,488,314,488
34,480,175,488,174,505,33,497
34,504,80,504,80,518,34,518
311,511,361,511,361,529,311,529
31,527,48,526,73,526,95,526,119,527,142,528,164,530,163,541,141,540,119,539,94,538,73,538,48,538,31,538
31,545,77,545,77,559,31,559
307,550,317,551,325,551,339,553,344,553,353,553,362,552,360,569,351,570,345,570,335,570,325,569,315,569,306,567
31,566,161,568,160,582,31,580
31,587,76,587,76,601,31,601
307,593,315,594,324,595,336,595,342,595,353,597,361,598,357,613,349,612,342,611,334,611,323,611,314,609,306,609
127,627,144,627,162,628,184,627,208,628,221,629,243,631,242,644,220,642,208,641,184,640,163,641,143,640,126,640
299,633,354,633,354,645,299,645
158,648,167,648,186,648,203,649,212,649,230,651,242,651,240,664,229,663,212,662,203,662,185,661,166,661,158,661
345,657,353,657,353,667,345,667
158,668,172,669,181,670,197,670,211,671,228,673,237,675,235,687,226,686,210,684,199,683,180,683,171,682,157,681
298,675,352,675,352,688,298,688
132,688,144,689,168,690,184,692,198,692,219,692,235,691,235,704,218,705,198,704,184,705,167,703,143,702,132,701
297,695,351,697,350,710,297,708
171,710,234,712,233,726,170,724
29,727,51,728,107,730,135,732,176,733,218,736,240,738,240,750,218,748,176,745,134,744,106,743,50,740,28,739
112,761,128,762,159,764,191,765,222,768,247,767,266,767,266,778,247,778,222,778,190,776,158,775,128,773,111,772
108,779,269,784,269,799,108,794
