131,1,146,2,168,2,190,3,212,4,243,4,258,4,254,33,239,33,211,34,189,32,168,32,145,31,131,31
39,70,52,71,63,70,76,72,92,70,107,71,120,71,120,89,107,89,92,88,76,90,62,88,50,89,38,88
285,78,297,78,310,78,326,78,344,80,360,80,372,80,372,98,359,97,343,98,325,96,310,96,297,96,284,96
40,94,156,94,156,116,40,116
225,99,374,103,373,124,224,120
239,124,373,126,373,148,239,146
44,145,130,145,130,165,44,165
315,149,373,149,373,171,315,171
41,170,57,169,71,168,91,170,100,171,119,170,132,170,130,188,118,188,102,189,90,187,72,186,58,187,41,188
269,172,374,175,373,197,269,195
43,193,65,193,92,194,108,194,134,194,158,194,180,194,180,213,157,213,134,213,108,213,92,213,66,213,43,212
317,197,374,199,373,221,316,219
50,244,89,244,89,266,50,266
126,243,197,246,196,267,125,264
223,244,255,244,255,266,223,266
316,249,373,249,373,269,316,269
92,275,117,276,166,278,218,279,248,281,300,283,334,286,333,308,299,306,247,303,218,302,166,301,117,298,92,298
58,338,102,338,102,359,58,359
158,340,175,340,198,340,230,339,251,341,267,343,290,346,289,364,266,360,251,359,228,357,200,358,174,358,158,358
324,344,334,342,345,342,349,342,355,342,363,363,373,365,378,347,368,344,357,361,348,361,344,362,333,362,323,363
172,371,267,377,265,399,170,393
173,397,266,397,266,419,173,419
64,419,134,419,134,439,64,439
288,424,301,423,315,423,334,422,347,423,364,422,373,422,373,439,364,439,347,440,335,439,314,440,300,440,288,440
66,441,135,441,135,461,66,461
342,443,370,443,370,461,342,461
67,463,97,463,97,482,67,482
291,465,372,465,372,485,291,485
70,487,93,487,93,504,70,504
342,487,370,487,370,504,342,504
68,506,77,506,88,507,104,506,112,507,128,507,137,508,133,526,124,525,115,525,104,524,89,525,76,524,67,524
340,507,368,507,368,524,340,524
74,528,107,528,107,545,74,545
290,529,302,529,316,529,328,529,342,529,362,529,371,529,371,546,362,546,342,546,328,546,316,546,302,546,289,546
155,548,293,545,293,564,156,567
75,565,102,565,102,584,75,584
179,566,215,570,213,588,177,584
307,586,370,586,370,603,307,603
77,588,141,588,141,605,77,605
75,606,143,606,143,624,75,624
343,606,370,606,370,624,343,624
307,625,372,625,372,643,307,643
78,627,105,627,105,644,78,644
343,646,372,646,372,662,343,662
78,647,100,647,100,665,78,665
78,665,140,665,140,685,78,685
343,665,372,665,372,681,343,681
309,684,372,684,372,701,309,701
80,687,113,687,113,704,80,704
190,704,219,704,219,722,190,722
81,707,108,707,108,725,81,725
310,723,373,723,373,739,310,739
83,726,148,726,148,744,83,744
346,742,375,742,375,758,346,758
79,746,87,746,100,746,112,746,125,746,136,746,149,746,150,763,138,763,124,763,113,763,100,763,88,763,79,763
312,761,375,761,375,778,312,778
85,766,113,766,113,781,85,781
348,780,375,780,375,796,348,796
88,785,108,785,108,800,88,800
348,799,376,799,376,813,348,813
87,803,146,801,147,818,88,820
313,816,375,816,375,832,313,832
87,821,94,821,101,821,106,821,113,821,116,834,124,831,128,817,120,820,114,835,105,835,101,835,97,835,89,835
162,835,225,835,225,851,162,851
94,837,119,837,119,851,94,851
310,848,321,848,329,848,344,847,352,848,362,847,373,847,373,862,362,861,352,862,344,861,328,862,321,862,310,862
95,855,102,854,115,854,124,853,136,853,146,853,158,853,159,865,147,865,135,866,126,865,116,866,102,866,95,867
345,863,372,863,372,876,345,876
93,871,107,870,114,869,127,869,137,868,153,868,160,868,160,882,153,883,138,883,126,883,114,883,109,884,94,886
312,878,370,878,370,893,312,893
100,886,126,886,126,901,100,901
343,895,370,895,370,909,343,909
102,903,121,903,121,917,102,917
343,911,370,911,370,925,343,925
101,918,157,917,158,933,102,935
312,927,368,927,368,942,312,942
104,936,134,936,134,952,104,952
74,972,96,969,145,965,181,961,231,961,260,959,295,957,294,977,260,978,232,981,182,981,146,985,98,989,75,992
78,993,93,990,114,987,139,986,160,985,188,982,206,981,208,993,190,995,161,998,139,999,114,1000,94,1003,80,1005
