212,49,257,49,257,90,212,90
77,86,277,91,276,120,76,115
47,158,109,159,109,176,46,174
189,160,315,160,315,177,189,177
43,179,55,178,71,178,83,177,98,178,116,180,127,182,127,199,115,196,97,195,82,193,71,195,55,194,43,196
184,180,314,180,314,196,184,196
209,201,313,201,313,218,209,218
44,220,69,220,69,236,44,236
187,222,312,222,312,238,187,238
120,223,169,223,169,237,120,237
45,239,131,241,130,260,44,257
244,242,311,242,311,259,244,259
43,261,178,265,177,281,43,278
41,282,106,284,105,301,41,298
278,284,310,284,310,300,278,300
109,305,220,305,220,322,109,322
41,323,72,325,71,341,40,339
128,326,165,326,165,342,128,342
184,326,235,326,235,342,184,342
271,326,309,326,309,341,271,341
40,345,66,345,66,361,40,361
100,346,159,346,159,361,100,361
183,346,206,346,206,362,183,362
260,346,308,346,308,362,260,362
36,366,59,366,73,366,99,366,126,367,142,367,165,368,165,383,142,383,126,382,98,382,73,382,59,382,36,382
181,368,255,368,255,383,181,383
270,368,308,368,308,384,270,384
39,407,147,408,147,425,39,423
191,408,305,408,305,427,191,427
36,429,124,429,124,445,36,445
36,449,144,449,144,465,36,465
36,470,155,470,155,486,36,486
34,501,155,501,155,518,34,518
66,563,262,564,262,581,66,580
141,585,185,585,185,601,141,601
124,605,205,605,205,621,124,621
95,627,232,627,232,645,95,645
