328,281,405,281,405,305,328,305
345,360,389,364,387,380,343,376
162,429,365,426,365,446,163,449
363,457,433,457,433,478,363,478
71,493,232,491,232,511,71,513
74,526,416,523,416,549,75,552
374,558,434,555,435,575,375,578
73,590,232,592,232,613,72,611
70,625,106,624,185,625,237,623,304,625,367,625,409,626,409,648,367,647,304,647,237,646,185,647,106,646,70,647
376,654,436,654,436,676,376,676
73,689,234,689,234,710,73,710
75,723,393,723,393,748,75,748
378,755,436,755,436,776,378,776
521,757,577,757,577,776,521,776
74,789,234,789,234,810,74,810
75,821,451,823,451,845,74,843
378,856,436,856,436,875,378,875
523,856,581,856,581,877,523,877
66,888,150,899,146,924,63,914
73,931,110,928,138,926,192,925,222,927,268,927,305,929,305,949,268,947,221,947,192,945,138,946,110,948,73,951
511,928,586,928,586,948,511,948
71,957,225,960,224,987,70,984
317,959,366,962,365,983,315,980
511,963,586,963,586,984,511,984
118,996,499,1002,498,1031,117,1025
205,1033,237,1035,265,1038,317,1035,345,1035,384,1035,411,1035,411,1058,384,1058,345,1058,318,1058,265,1061,234,1057,203,1055
202,1072,234,1073,278,1071,336,1075,378,1074,432,1073,464,1071,462,1090,430,1092,379,1093,336,1094,278,1089,233,1091,201,1091
113,1148,168,1147,243,1148,305,1147,366,1152,431,1151,487,1154,486,1185,431,1183,365,1183,304,1178,243,1179,167,1178,112,1180
