116,124,304,124,304,149,116,149
69,158,111,158,150,158,221,157,293,157,387,155,429,155,429,179,387,179,294,181,222,181,149,182,112,182,71,182
45,198,243,197,243,220,45,221
45,231,391,227,392,249,45,253
43,261,75,261,145,260,189,260,264,259,309,259,346,258,347,280,310,280,264,281,190,282,145,282,75,283,42,283
358,295,383,293,412,292,441,292,464,292,500,294,521,294,520,313,499,313,464,311,440,311,412,312,384,313,359,314
235,294,258,294,258,313,235,313
290,294,326,294,326,312,290,312
42,290,133,298,131,322,40,314
432,328,516,328,516,348,432,348
31,330,210,329,210,354,31,355
286,329,356,329,356,349,286,349
383,331,395,331,395,347,383,347
253,332,264,332,264,347,253,347
29,359,136,365,134,389,28,384
425,361,514,361,514,383,425,383
29,395,238,397,238,419,29,417
484,397,513,397,513,416,484,416
26,431,49,432,98,433,124,433,159,433,198,433,225,432,224,453,197,453,159,454,124,454,99,453,47,452,24,452
421,432,512,432,512,453,421,453
95,469,416,469,416,499,95,499
