233,132,510,117,512,147,234,161
200,183,244,179,296,175,380,173,432,169,485,167,529,164,529,189,485,192,433,194,381,198,297,200,245,204,201,208
22,224,67,224,67,246,22,246
190,274,568,267,569,307,191,315
537,319,565,319,585,318,619,317,642,316,665,314,693,312,692,337,663,339,643,340,621,341,585,343,566,343,537,344
400,323,413,324,432,324,450,325,471,326,496,320,509,318,511,344,499,345,472,351,452,350,432,350,412,349,399,348
293,327,351,327,351,351,293,351
221,330,259,330,259,354,221,354
42,337,59,336,86,336,115,334,132,335,167,337,179,339,177,362,166,361,130,358,114,357,88,360,58,359,41,361
61,374,109,374,211,372,376,370,490,361,569,358,616,354,617,382,570,386,491,388,377,397,212,399,110,402,62,402
625,399,717,397,718,421,625,423
428,405,441,404,459,404,477,404,496,402,515,402,528,401,528,426,516,427,496,427,482,428,457,430,441,430,429,430
274,412,329,410,330,431,275,433
660,414,668,414,668,424,660,424
46,465,90,466,175,463,253,465,355,461,435,453,479,449,480,475,436,479,357,486,253,490,176,489,91,492,46,490
625,489,638,489,658,489,676,489,697,487,715,487,728,487,728,512,715,513,697,512,680,514,655,515,639,515,626,515
430,494,444,494,462,493,485,494,501,493,520,492,534,490,535,518,521,519,502,520,485,521,462,521,445,522,431,522
275,503,331,499,333,522,277,526
469,514,479,514,479,525,469,525
81,558,128,557,212,554,319,552,456,546,537,545,584,544,586,571,538,572,456,573,321,579,213,580,129,584,82,585
625,583,638,582,658,582,674,581,697,580,712,580,725,579,725,605,712,605,697,606,680,606,655,607,639,608,626,608
433,586,448,587,466,586,485,586,504,585,519,584,533,582,535,612,520,613,505,614,491,615,463,615,448,616,434,616
275,593,286,593,294,592,304,594,313,592,323,592,334,590,335,612,324,614,315,613,306,616,293,614,285,615,275,614
38,650,150,654,149,687,37,682
618,678,631,681,660,679,673,681,699,676,719,675,732,673,732,698,720,701,701,702,673,707,661,704,632,706,619,704
38,681,68,689,88,695,106,696,137,694,169,696,183,696,181,722,167,723,139,720,106,722,83,721,67,716,37,707
618,724,631,726,660,725,674,727,691,722,720,722,733,719,734,744,721,747,693,747,674,752,661,750,632,751,619,749
44,728,80,729,118,730,151,730,184,730,230,729,250,729,249,755,229,756,184,757,151,756,118,756,79,756,42,755
364,735,377,733,384,731,395,733,411,732,419,733,431,733,431,758,419,757,413,757,396,757,386,756,374,758,361,759
112,783,153,784,272,786,410,787,494,790,608,782,649,782,650,805,609,806,495,814,409,810,272,809,152,807,111,806
303,822,329,822,368,823,398,823,424,823,462,822,492,821,493,841,463,841,425,842,399,843,366,843,328,842,303,841
195,844,225,845,305,848,411,848,467,845,551,843,581,841,582,858,551,861,468,863,411,866,305,866,225,863,195,862
