168,84,179,83,196,83,214,82,233,83,255,81,267,81,268,103,256,103,233,105,214,105,198,106,178,106,167,107
31,109,72,110,148,110,197,111,265,110,344,110,385,109,385,132,343,133,265,134,197,135,148,134,72,134,30,133
79,136,118,136,174,136,206,136,269,137,315,136,354,136,355,159,316,159,268,159,205,159,174,159,119,159,80,158
121,165,310,165,310,188,121,188
123,206,309,206,309,225,123,225
96,232,123,232,162,232,205,232,255,232,322,232,348,232,348,248,321,248,255,247,206,248,162,248,123,248,96,248
134,257,298,257,298,273,134,273
28,289,38,289,62,289,72,290,93,289,112,292,122,292,120,306,111,305,92,303,72,303,62,303,38,303,28,303
26,312,33,312,41,310,46,312,53,310,58,312,66,313,68,327,60,327,53,325,47,327,40,325,34,327,26,326
29,336,81,336,81,350,29,350
308,384,393,384,393,403,308,403
24,385,33,385,44,386,56,386,69,387,85,385,93,384,93,401,84,401,69,403,56,402,44,403,32,402,23,401
240,387,261,387,261,401,240,401
25,411,218,411,218,428,25,428
24,438,78,438,78,460,24,460
341,438,395,440,394,462,340,460
25,462,234,462,234,480,25,480
23,490,76,490,76,512,23,512
338,491,394,491,394,514,338,514
148,537,165,536,186,538,210,535,235,536,262,538,276,539,275,558,261,556,234,554,210,553,186,556,164,554,147,555
339,539,393,539,393,554,339,554
181,567,200,566,215,565,234,565,244,566,264,566,276,568,275,582,263,580,244,580,234,578,215,579,200,580,181,581
382,566,392,566,392,580,382,580
182,592,200,593,219,595,232,595,244,594,262,597,277,598,276,613,262,612,244,610,234,610,217,611,199,609,182,608
339,596,393,596,393,611,339,611
154,620,271,620,271,638,154,638
341,622,393,622,393,638,341,638
197,649,271,649,271,666,197,666
382,651,392,651,392,665,382,665
17,677,47,678,94,677,132,679,181,677,211,678,240,678,241,694,211,694,180,693,132,696,94,694,47,694,17,693
120,718,297,718,297,738,120,738
113,740,132,742,166,743,199,744,237,742,267,742,297,740,297,756,267,758,237,758,200,760,165,759,132,758,112,757
