168,69,285,67,285,83,168,85
153,88,178,88,193,88,226,88,253,87,277,86,301,86,301,100,276,101,253,101,226,102,193,103,178,103,154,102
30,103,126,103,126,128,30,128
168,106,285,106,285,122,168,122
180,127,273,123,273,138,181,142
120,160,132,160,154,158,181,159,200,158,219,158,241,158,241,171,219,171,200,170,181,172,154,171,132,173,121,173
249,172,331,172,331,185,249,185
28,175,47,175,81,176,111,176,147,176,182,175,206,174,207,188,182,189,148,190,112,190,81,190,46,190,28,189
232,190,247,190,265,190,282,189,299,188,315,188,331,188,332,200,315,201,300,201,283,202,265,203,247,203,232,202
29,193,86,193,86,208,29,208
286,223,292,223,301,224,309,224,319,222,328,222,334,221,333,234,326,235,320,234,312,236,300,237,291,236,285,235
157,225,209,225,209,239,157,239
236,225,252,225,252,237,236,237
28,228,34,227,47,228,61,227,70,227,83,229,90,230,89,243,82,242,69,240,61,240,48,241,34,240,28,240
43,244,68,244,96,243,138,242,176,242,226,241,250,240,251,255,226,255,177,256,139,257,96,258,68,258,43,259
286,257,332,255,333,269,286,270
164,259,209,259,209,272,164,272
29,261,123,261,123,274,29,274
30,277,258,274,258,289,30,292
286,291,333,291,333,303,286,303
165,293,209,293,209,306,165,306
30,294,123,294,123,307,30,307
46,310,68,310,104,310,153,310,205,309,248,309,270,309,271,322,249,322,205,321,153,322,104,323,68,323,46,323
288,325,333,325,333,337,288,337
29,328,123,327,123,340,29,341
166,327,209,327,209,339,166,339
31,344,53,344,97,344,131,344,169,342,204,343,226,342,227,355,204,356,169,355,132,357,97,356,53,357,31,357
286,357,333,357,333,370,286,370
165,360,209,360,209,372,165,372
30,361,123,361,123,373,30,373
34,377,56,377,124,377,169,375,225,375,262,374,284,374,284,387,262,387,225,388,169,388,124,390,56,390,34,390
286,391,333,391,333,403,286,403
163,394,210,391,210,405,164,407
30,394,123,393,123,406,30,407
31,425,183,425,183,440,31,440
280,425,333,425,333,437,280,437
29,442,42,442,70,443,91,442,111,441,142,441,155,441,154,456,141,456,111,456,92,457,70,458,42,457,29,456
324,443,333,443,333,453,324,453
29,459,49,459,59,459,84,458,97,460,113,460,133,462,133,475,114,473,97,473,84,471,59,472,49,472,30,472
281,459,333,459,333,471,281,471
279,474,290,475,297,475,307,476,313,476,323,474,332,473,331,485,322,487,314,488,307,488,298,487,289,487,278,486
38,475,96,475,96,489,38,489
30,491,118,491,118,506,30,506
86,508,105,509,155,508,176,509,213,507,241,507,266,506,266,520,241,521,213,521,176,523,155,522,105,522,86,522
79,559,98,558,133,558,176,557,206,558,255,559,277,560,277,575,255,573,206,573,176,571,133,573,98,572,79,573
31,576,334,576,334,589,31,589
72,609,97,609,128,609,169,609,220,609,271,609,293,609,293,622,271,622,220,623,169,622,128,622,97,622,72,622
30,626,328,625,328,638,30,640
