942,70,963,70,963,131,942,131
1051,72,1089,72,1089,278,1051,278
839,72,865,72,865,209,839,209
910,70,934,70,934,202,910,202
804,72,831,72,844,639,818,640
293,77,326,74,389,807,356,810
658,78,689,77,701,376,670,377
697,76,727,75,741,437,711,438
769,74,798,73,806,298,777,299
536,76,567,75,577,301,546,303
619,78,649,77,660,331,629,332
149,87,180,84,193,256,162,258
579,96,610,95,616,243,585,244
943,149,966,148,970,470,947,471
203,206,241,203,290,811,252,814
495,232,531,229,568,691,532,694
357,234,394,231,434,752,397,755
163,277,196,274,228,684,195,686
977,280,999,280,1002,531,981,532
1087,341,1116,341,1116,641,1087,641
1053,343,1083,343,1085,643,1056,643
1118,368,1146,368,1146,604,1118,604
844,369,867,368,872,484,849,485
1030,404,1055,404,1055,592,1030,592
783,408,804,408,804,492,783,492
918,533,940,533,940,732,918,732
851,543,873,543,873,575,851,575
949,557,971,557,971,730,949,730
853,649,879,649,879,747,853,747
789,656,812,657,809,757,786,757
724,669,745,669,745,767,724,767
648,687,676,686,681,786,652,787
198,705,228,703,234,807,205,809
613,697,639,695,645,796,619,797
690,755,714,755,714,775,690,775
580,763,604,763,604,794,580,794
