149,72,306,72,306,89,149,89
129,101,316,101,316,120,129,120
26,125,55,125,55,140,26,140
126,160,320,160,320,187,126,187
47,192,122,196,121,214,46,209
145,196,216,196,216,211,145,211
240,194,249,195,261,195,269,195,283,197,295,195,304,194,305,212,296,212,282,214,270,213,259,213,249,212,240,212
55,219,83,220,121,220,170,221,222,222,268,222,296,222,296,238,268,238,221,237,170,236,121,235,83,235,55,235
260,244,310,244,310,260,260,260
174,245,205,245,205,258,174,258
48,272,76,271,132,271,172,271,223,272,286,273,314,274,314,290,286,289,223,288,172,288,132,287,77,288,49,288
258,295,267,294,275,294,286,294,296,294,304,294,313,294,314,311,305,311,297,311,287,311,275,311,266,311,257,312
177,296,206,296,206,308,177,308
46,324,325,324,325,341,46,341
268,345,277,345,284,346,290,345,298,344,307,344,316,343,316,360,307,361,299,361,293,362,284,363,276,362,267,362
42,349,54,348,79,348,89,348,107,349,130,349,141,350,139,366,128,365,108,365,89,363,79,364,54,364,42,364
268,370,277,369,283,369,289,369,298,368,305,368,314,368,315,385,307,385,299,385,291,386,283,386,276,386,267,387
128,373,148,371,150,384,129,386
178,372,208,372,208,384,178,384
46,373,112,373,112,389,46,389
52,401,80,400,144,399,186,397,228,396,292,399,320,400,320,416,292,415,228,413,186,414,145,416,81,416,53,417
270,420,279,420,285,421,292,420,299,419,307,419,316,417,317,434,308,436,301,436,294,437,285,438,277,437,268,437
179,422,208,422,208,435,179,435
141,425,150,425,150,435,141,435
43,456,51,458,69,458,76,459,90,458,101,456,112,453,113,469,101,472,92,474,77,475,68,474,51,474,43,472
155,458,175,458,175,472,155,472
42,480,59,479,69,480,82,479,100,479,118,481,127,482,126,499,117,498,100,497,83,496,66,497,59,497,43,497
42,512,51,513,68,512,77,514,90,511,108,512,117,510,118,528,109,529,90,528,78,531,67,530,52,530,43,529
226,531,261,531,261,549,226,549
44,535,163,533,163,551,44,553
47,579,69,578,105,577,152,574,179,572,207,571,235,570,236,585,208,587,180,588,152,589,106,592,69,593,48,594
48,604,64,602,91,601,120,600,149,598,169,598,189,597,188,614,167,615,150,616,121,617,92,619,66,620,49,621
51,629,135,629,135,644,51,644
51,655,170,648,171,666,52,673
50,683,68,681,88,682,116,677,137,677,154,675,174,675,173,690,154,690,139,691,117,691,90,696,69,696,50,697
50,709,75,705,107,703,137,699,167,699,200,697,225,697,225,712,200,712,167,713,137,713,109,717,75,719,51,723
66,739,97,736,160,732,193,730,247,727,297,727,328,727,329,745,298,745,247,745,194,748,161,750,99,754,67,757
192,756,207,756,229,757,246,756,262,755,283,753,301,751,302,767,284,769,262,771,248,772,229,774,206,773,192,773
114,786,145,782,170,780,215,775,261,775,313,773,345,774,345,792,314,791,262,793,215,793,172,798,147,799,116,803
