373,146,397,155,446,168,470,173,509,172,557,168,593,162,594,187,558,194,510,197,468,199,440,194,390,180,366,171
319,168,353,182,414,199,475,213,522,209,578,208,625,200,626,227,579,235,523,236,473,240,408,225,348,209,314,194
402,234,431,243,444,245,468,250,498,249,514,251,539,250,540,276,515,277,500,276,466,276,438,271,425,269,396,260
336,313,369,324,429,339,472,346,500,345,547,344,588,339,588,369,548,374,500,375,469,376,423,369,364,353,331,343
134,341,320,372,315,403,129,372
565,407,595,404,629,401,684,399,705,399,754,399,778,399,780,424,755,424,705,424,684,425,632,426,593,429,564,432
117,464,168,472,263,485,351,495,450,510,518,514,577,520,576,552,517,546,447,543,346,527,259,518,164,504,112,497
120,512,155,516,202,521,265,529,308,533,366,541,406,547,402,572,362,567,305,559,263,554,199,547,152,541,117,537
113,560,129,559,149,563,159,562,177,563,201,568,213,570,210,591,199,589,177,585,157,583,146,585,124,580,108,581
109,629,146,629,146,658,109,658
377,652,391,655,407,657,421,658,443,664,458,660,472,660,473,687,460,687,438,691,418,685,401,684,391,682,377,679
621,666,754,666,754,698,621,698
104,688,134,692,170,701,223,702,269,708,292,709,333,712,331,739,290,736,266,735,222,729,168,728,131,719,101,715
381,760,392,762,404,764,422,767,428,765,442,765,453,763,450,785,439,787,432,787,417,789,404,787,390,785,379,782
665,779,678,780,691,780,709,781,723,781,737,781,750,781,748,805,735,805,723,805,707,805,693,804,675,804,662,803
95,806,141,808,205,810,268,815,369,820,417,821,463,822,462,848,416,847,368,846,267,841,203,835,139,834,94,832
373,866,442,866,442,893,373,893
661,882,672,882,687,886,700,884,716,885,731,889,743,892,736,914,725,911,715,908,699,907,686,909,670,906,658,905
82,920,112,919,156,920,207,919,248,922,292,922,333,923,330,950,289,949,249,949,206,946,156,948,110,946,81,947
365,970,434,970,434,997,365,997
650,984,663,986,679,988,697,989,708,988,721,992,734,994,733,1019,719,1017,707,1014,692,1014,678,1013,663,1011,650,1009
70,1029,104,1028,166,1031,212,1028,280,1032,323,1028,375,1027,374,1055,322,1057,280,1061,212,1057,167,1059,103,1057,69,1057
357,1074,426,1074,426,1101,357,1101
648,1089,724,1094,722,1122,646,1117
68,1135,114,1139,154,1140,222,1143,275,1137,328,1136,374,1131,373,1158,328,1163,276,1163,223,1169,153,1166,114,1165,68,1162
349,1185,361,1184,373,1180,380,1183,392,1183,404,1182,415,1180,412,1201,401,1202,393,1203,384,1203,371,1201,363,1205,352,1206
649,1192,660,1194,673,1193,683,1197,697,1197,707,1199,719,1200,713,1221,701,1219,696,1218,679,1218,669,1214,660,1216,649,1214
56,1245,306,1245,306,1277,56,1277
336,1292,347,1291,358,1288,375,1289,384,1286,401,1287,413,1286,412,1309,400,1310,390,1308,374,1312,364,1310,349,1315,337,1316
634,1293,706,1293,706,1320,634,1320
608,1342,702,1347,701,1375,607,1371
49,1352,76,1352,103,1355,139,1351,182,1351,212,1352,239,1353,237,1382,209,1381,181,1380,140,1380,103,1383,77,1381,49,1381
45,1389,178,1389,178,1418,45,1418
600,1419,614,1422,637,1425,646,1426,662,1426,682,1426,695,1426,696,1451,683,1451,662,1451,646,1451,635,1449,612,1447,599,1444
45,1431,69,1433,100,1434,136,1435,173,1433,200,1432,229,1428,229,1453,200,1456,174,1458,137,1460,100,1459,68,1458,44,1456
597,1459,694,1463,693,1492,596,1488
40,1466,226,1466,226,1496,40,1496
608,1501,688,1501,688,1528,608,1528
32,1505,46,1506,61,1507,73,1507,90,1508,100,1509,114,1510,116,1535,103,1534,87,1534,73,1533,59,1532,43,1531,29,1531
180,1557,226,1556,289,1557,365,1551,418,1546,484,1544,529,1540,528,1566,482,1570,420,1572,368,1577,290,1583,226,1582,180,1583
