102,88,569,88,569,155,102,155
155,191,518,187,519,216,155,220
220,225,452,225,452,249,220,249
179,265,493,265,493,306,179,306
26,327,62,327,62,349,26,349
156,328,250,326,250,352,157,354
338,326,467,330,466,354,337,350
627,332,640,332,640,349,627,349
25,361,115,361,115,384,25,384
337,362,348,362,368,366,377,363,394,364,399,365,415,368,418,390,401,387,389,386,380,385,363,388,347,385,336,385
518,366,642,366,642,388,518,388
25,398,131,398,131,421,25,421
158,398,220,398,220,421,158,421
341,400,425,400,425,422,341,422
582,403,643,403,643,424,582,424
17,439,47,438,86,441,118,438,170,438,204,438,230,438,230,461,204,461,170,461,119,461,85,463,47,461,16,461
441,485,503,483,504,507,442,509
137,484,240,484,240,508,137,508
341,486,370,486,370,508,341,508
580,482,651,487,648,517,577,512
57,527,286,527,286,551,57,551
424,541,502,541,502,564,424,564
573,541,650,541,650,563,573,563
324,541,336,541,346,543,354,541,362,541,371,541,383,539,386,564,373,565,362,565,356,566,346,568,333,565,320,565
28,547,40,547,40,563,28,563
57,557,100,557,100,579,57,579
545,636,642,636,642,661,545,661
13,638,266,635,267,664,13,667
573,717,642,717,642,738,573,738
9,722,24,722,47,720,68,720,88,721,103,722,122,724,121,745,102,743,87,742,69,741,46,741,25,743,10,744
16,753,121,753,121,775,16,775
185,785,226,785,293,786,370,785,406,784,486,786,533,786,533,814,486,814,406,812,369,812,293,813,226,812,184,812
67,831,220,827,221,853,68,857
84,893,112,893,175,894,236,891,274,890,321,888,358,887,358,908,322,909,275,911,236,912,176,915,112,914,84,914
