54,133,680,121,681,167,55,179
228,190,502,186,502,225,228,229
205,243,524,239,525,278,206,283
97,299,152,298,256,297,342,298,458,293,535,300,591,302,590,335,535,333,458,325,343,330,254,329,153,330,97,331
283,349,344,349,344,359,283,359
135,383,190,382,290,385,369,380,440,379,543,384,592,386,591,419,542,417,440,412,371,413,290,417,190,415,135,416
189,433,232,427,290,421,350,418,423,421,502,422,546,425,545,450,502,447,422,447,350,444,290,447,233,452,190,458
301,462,464,462,464,477,301,477
213,494,527,494,527,532,213,532
236,545,499,545,499,580,236,580
153,582,585,586,585,629,152,624
74,632,130,633,240,631,345,633,503,635,573,629,628,626,628,658,573,661,503,666,345,664,240,662,130,664,74,664
130,677,185,676,257,674,378,673,480,675,554,669,610,666,612,699,556,702,480,708,378,706,258,706,185,708,129,709
105,716,582,713,583,746,105,749
273,804,462,804,462,831,273,831
179,887,215,890,237,890,267,893,300,891,332,889,362,885,361,917,331,921,299,922,267,924,237,922,215,921,179,918
572,889,633,889,633,922,572,922
78,940,127,937,187,936,257,935,332,935,450,940,494,941,492,970,449,969,332,964,257,964,187,964,127,966,78,968
49,980,91,979,160,970,255,977,316,973,392,972,435,969,434,1001,391,1004,318,1005,254,1010,159,1002,93,1011,51,1012
288,1017,517,1017,517,1045,288,1045
567,1017,700,1017,700,1050,567,1050
371,1060,517,1060,517,1090,371,1090
108,1062,311,1062,311,1092,108,1092
567,1062,700,1062,700,1095,567,1095
55,1141,97,1144,165,1147,247,1149,322,1144,385,1147,434,1147,433,1178,384,1178,322,1175,247,1179,164,1178,97,1175,55,1172
567,1147,701,1151,700,1185,567,1181
62,1185,241,1185,241,1223,62,1223
587,1193,695,1193,695,1223,587,1223
65,1228,422,1228,422,1266,65,1266
567,1236,698,1236,698,1268,567,1268
168,1276,595,1272,595,1307,168,1310
70,1319,293,1319,293,1346,70,1346
570,1319,695,1319,695,1351,570,1351
120,1356,256,1356,256,1389,120,1389
567,1361,693,1361,693,1391,567,1391
75,1396,228,1396,228,1429,75,1429
567,1401,693,1401,693,1434,567,1434
130,1474,173,1474,258,1474,363,1475,463,1478,595,1474,638,1474,639,1497,595,1498,463,1501,363,1499,258,1498,172,1498,129,1497
104,1527,135,1528,245,1530,363,1533,467,1531,573,1530,603,1529,604,1546,573,1547,468,1548,362,1550,245,1547,135,1545,104,1544
286,1555,487,1555,487,1572,286,1572
