185,82,286,82,286,107,185,107
58,109,102,111,150,113,213,115,308,112,368,113,412,112,410,137,367,138,308,137,213,140,150,138,100,136,56,134
87,139,131,139,189,139,222,139,288,139,339,139,382,139,383,164,340,164,287,164,222,164,189,163,131,164,88,164
135,171,334,171,334,192,135,192
136,211,334,211,334,231,136,231
109,239,137,238,174,238,227,238,284,239,343,239,371,240,371,255,343,255,284,254,227,254,174,253,137,254,109,255
148,263,323,263,323,281,148,281
35,297,45,297,62,298,80,297,98,297,116,298,132,299,130,313,114,313,97,311,80,311,63,312,45,311,34,311
36,321,73,321,73,338,36,338
35,348,91,348,91,363,35,363
36,401,102,401,102,425,36,425
261,402,283,402,283,419,261,419
335,402,425,402,425,425,335,425
36,430,51,430,60,431,76,430,96,430,108,430,122,429,122,444,107,445,96,446,77,446,60,446,49,446,35,445
32,457,43,457,49,458,65,456,73,457,84,456,95,457,94,479,83,478,74,479,64,478,53,479,42,479,31,479
366,458,424,458,424,482,366,482
35,481,52,484,63,485,82,487,98,484,124,487,133,486,130,503,121,504,97,501,83,504,62,502,51,501,35,498
35,511,91,511,91,536,35,536
366,512,425,514,424,538,365,536
164,561,186,560,204,561,230,558,257,560,286,563,300,565,298,584,284,582,257,579,229,578,205,581,185,579,163,581
366,562,423,562,423,579,366,579
204,589,300,589,300,606,204,606
410,593,421,593,421,605,410,605
203,616,220,617,239,621,254,620,266,620,286,622,299,622,299,640,286,639,266,638,255,638,237,638,219,635,203,634
367,621,374,621,383,622,397,622,405,622,414,621,424,620,424,634,414,635,406,636,394,636,383,636,372,635,365,635
173,647,299,647,299,665,173,665
367,650,423,650,423,666,367,666
219,675,295,675,295,694,219,694
409,679,420,679,420,693,409,693
30,704,51,705,92,707,132,708,183,706,212,706,237,706,238,721,213,721,182,720,132,723,92,722,51,720,29,718
139,746,323,748,323,767,139,765
130,771,158,772,197,772,221,773,259,773,293,773,324,772,323,790,292,790,259,790,221,791,197,789,158,789,130,788
