216,92,235,92,254,93,285,92,301,90,325,91,344,89,343,109,325,110,301,109,286,111,254,112,236,112,217,111
203,118,220,118,252,119,291,115,318,114,350,114,377,113,376,129,348,130,318,129,292,131,253,134,219,133,201,134
36,128,157,130,156,160,36,158
199,139,222,138,251,138,277,137,307,137,329,136,356,134,357,152,330,153,307,155,277,155,251,155,223,155,199,156
224,159,337,159,337,178,224,178
147,198,164,198,192,198,217,198,237,198,263,197,287,196,287,212,263,213,238,214,216,214,191,214,165,214,147,214
43,218,67,218,101,218,137,220,184,220,236,220,260,219,260,233,236,234,184,234,137,234,101,233,67,233,43,232
309,217,401,215,401,231,309,233
292,237,411,235,411,252,292,254
36,237,108,237,108,253,36,253
33,276,43,276,58,276,76,277,87,277,100,278,112,279,111,293,98,292,86,291,75,291,59,289,43,290,33,290
345,277,402,274,403,291,346,293
193,279,200,279,213,280,226,280,231,279,244,279,251,279,251,292,244,293,233,292,224,293,212,293,200,293,193,292
284,278,301,278,301,292,284,292
36,293,260,298,260,315,36,310
36,314,154,317,154,333,36,329
353,316,411,314,411,330,353,332
205,318,260,318,260,332,205,332
48,334,76,335,139,335,201,338,270,336,359,335,386,334,387,350,359,351,270,352,201,353,139,351,75,351,48,350
36,353,112,356,111,372,36,369
36,373,155,376,155,392,36,389
363,374,410,374,410,390,363,390
213,376,260,376,260,391,213,391
48,392,76,393,139,394,210,396,273,396,359,395,387,395,387,411,359,411,273,412,209,412,139,410,76,409,48,408
38,412,57,412,57,428,38,428
38,432,155,434,155,450,37,448
354,435,408,433,409,449,355,450
206,435,260,435,260,449,206,449
38,469,226,472,226,490,37,486
353,473,407,473,407,487,353,487
39,489,182,490,182,508,39,506
388,493,400,493,400,506,388,506
39,508,164,510,163,527,39,525
352,512,359,512,368,513,379,511,393,513,402,512,409,512,410,525,403,525,393,526,379,524,368,526,358,525,351,525
48,528,120,530,120,546,47,544
345,531,408,531,408,545,345,545
48,550,94,550,94,564,48,564
363,550,408,550,408,564,363,564
39,567,148,567,148,584,39,584
345,569,408,569,408,584,345,584
108,587,132,588,184,588,219,589,263,588,298,587,326,586,326,602,298,603,263,604,219,605,184,603,132,603,108,603
41,624,191,626,190,643,40,641
267,627,407,627,407,641,267,641
39,646,258,644,258,660,39,662
390,649,398,649,398,660,390,660
39,664,156,664,156,680,39,680
257,664,407,664,407,680,257,680
99,720,124,719,183,721,219,720,255,721,314,722,338,723,338,739,314,738,254,738,219,736,183,737,124,736,99,736
41,740,407,742,407,757,40,756
92,777,124,778,167,778,210,779,273,779,307,778,338,777,338,794,307,795,273,796,210,796,167,795,124,795,93,795
39,798,400,798,400,814,39,814
