199,84,319,80,319,99,200,103
178,106,201,106,231,106,254,105,287,104,313,105,339,104,339,121,312,121,287,121,254,122,232,122,202,122,179,123
35,121,144,121,144,149,35,149
194,128,325,128,325,147,194,147
206,150,310,149,310,165,206,167
138,188,152,188,176,189,200,189,220,189,243,188,267,188,267,203,243,203,220,204,200,204,176,204,153,203,138,203
285,208,370,206,371,222,286,224
34,208,241,208,241,225,34,225
270,228,378,226,378,242,270,244
33,226,41,227,56,227,65,229,80,229,89,229,100,229,100,244,89,244,81,244,65,244,54,242,40,242,32,241
318,269,325,268,338,268,346,267,355,266,364,267,373,267,371,280,362,279,355,279,349,279,338,281,324,281,318,282
33,270,46,269,54,267,72,269,81,267,97,270,108,270,107,284,96,285,80,282,71,283,56,281,46,283,33,285
177,268,186,269,195,270,209,272,212,270,225,269,234,266,235,278,226,282,214,282,207,284,195,283,186,282,177,280
262,269,279,269,279,282,262,282
36,287,337,287,337,303,36,303
33,310,48,308,56,307,72,307,81,306,98,307,106,306,106,322,98,322,80,321,73,322,56,322,47,323,33,325
326,326,379,326,379,341,326,341
35,327,144,327,144,342,35,342
188,328,241,328,241,342,188,342
37,364,208,364,208,382,37,382
326,366,379,366,379,380,326,380
37,384,168,384,168,401,37,401
34,405,56,404,78,404,95,403,116,405,136,404,152,405,152,420,136,419,116,419,95,417,79,419,56,418,35,420
326,405,379,405,379,421,326,421
42,427,55,425,64,425,76,423,88,425,104,425,112,425,112,439,105,438,88,438,76,437,64,438,55,439,42,441
326,425,378,425,378,441,326,441
36,444,136,444,136,459,36,459
368,446,377,446,377,458,368,458
100,462,128,463,167,464,202,465,247,464,275,463,302,462,302,477,275,479,247,480,202,481,166,479,128,479,100,478
87,520,111,520,152,522,201,522,234,522,281,523,309,524,309,540,281,539,233,538,201,538,152,538,111,536,87,535
70,543,94,543,144,543,209,544,275,543,315,543,340,542,339,557,315,557,275,558,209,558,144,557,94,557,70,557
69,583,97,582,152,581,192,581,241,582,306,583,333,583,333,598,306,598,241,597,192,597,152,597,97,598,69,598
36,602,63,602,128,602,186,602,258,603,308,604,336,604,335,619,308,619,258,618,185,617,128,617,63,617,36,617
