185,82,353,82,353,101,185,101
182,106,211,106,239,105,264,106,295,108,333,104,354,104,355,123,334,123,295,127,263,125,240,124,211,125,182,125
24,126,142,126,142,158,24,158
193,131,222,131,248,130,263,130,292,131,315,129,339,128,341,146,316,147,291,149,262,148,248,148,222,149,193,149
211,154,323,151,324,172,211,174
137,198,275,196,275,215,137,216
296,217,389,217,389,235,296,235
23,221,246,217,246,237,24,241
279,240,397,240,397,257,279,257
25,243,96,243,96,262,25,262
332,282,389,282,389,299,332,299
179,282,188,284,197,284,213,286,221,284,230,283,239,281,240,298,231,301,224,301,210,303,198,302,188,301,179,300
270,285,290,285,290,301,270,301
22,288,38,287,46,286,65,286,74,286,91,288,100,288,98,304,90,304,74,302,64,303,47,303,38,303,23,304
23,309,49,308,92,307,126,307,171,307,212,306,239,306,239,322,213,323,170,323,126,323,92,323,49,325,23,325
341,326,396,326,396,343,341,343
193,327,245,327,245,343,193,343
25,328,142,328,142,345,25,345
45,348,72,349,108,351,162,350,224,349,283,347,309,346,309,361,283,362,224,364,162,365,108,366,72,364,45,363
341,368,395,368,395,385,341,385
191,371,198,371,208,371,221,371,230,370,239,370,246,369,246,383,239,384,231,384,222,385,207,384,198,385,191,385
26,371,142,371,142,387,26,387
27,409,212,409,212,429,27,429
338,411,395,411,395,426,338,426
25,430,40,430,75,432,92,432,119,431,153,430,169,429,169,446,153,447,118,448,92,449,75,449,40,447,25,447
374,434,384,434,384,445,374,445
24,452,47,452,61,452,93,453,109,454,129,453,152,454,153,470,129,469,109,470,93,469,61,467,48,468,24,468
334,453,344,453,356,453,368,454,377,453,387,452,396,451,397,465,387,466,378,467,370,467,354,467,344,467,334,467
36,474,107,474,107,491,36,491
338,474,394,474,394,489,338,489
26,493,134,493,134,511,26,511
96,513,322,513,322,533,96,533
87,576,109,575,151,576,205,575,240,576,300,578,326,579,326,597,300,595,239,593,204,592,152,593,109,593,87,593
38,599,65,599,132,598,205,597,282,598,327,598,354,599,354,615,327,614,282,614,204,613,132,614,65,614,38,615
70,638,343,638,343,656,70,656
39,663,66,662,133,660,195,660,255,660,342,659,369,659,369,675,342,675,255,676,195,676,133,676,66,678,39,678
