221,94,359,93,359,113,221,114
202,117,381,119,380,141,202,139
34,139,157,139,157,171,34,171
213,143,242,145,270,144,286,146,317,144,341,144,366,142,367,160,342,162,316,163,286,164,271,163,241,164,213,161
231,171,350,170,350,188,231,190
287,215,431,215,431,233,287,233
29,216,175,216,175,235,29,235
164,239,297,239,297,256,164,256
27,262,36,263,52,262,64,265,80,263,93,263,108,261,107,278,92,280,81,280,64,281,51,279,35,280,27,279
306,262,433,262,433,279,306,279
29,286,173,287,173,304,29,303
27,310,164,310,164,328,27,328
