158,98,651,124,647,196,154,171
208,209,257,213,322,218,406,223,451,221,519,220,567,216,568,244,520,248,451,248,404,251,322,246,254,241,206,236
476,241,484,241,484,253,476,253
272,251,515,261,513,287,271,277
225,294,555,303,554,349,224,339
63,357,99,357,99,380,63,380
707,360,724,360,724,382,707,382
199,362,296,367,295,396,198,391
385,370,522,370,522,395,385,395
57,397,69,397,87,396,110,397,127,395,141,398,157,399,153,421,137,421,128,419,106,420,88,419,70,420,58,420
578,406,722,397,724,423,580,432
378,408,392,408,412,411,423,408,442,411,450,409,464,411,471,437,457,436,436,437,427,434,409,438,390,434,377,435
59,437,262,445,260,472,58,463
641,446,653,446,669,445,681,445,694,445,709,441,721,440,723,463,712,465,694,468,681,468,668,468,655,469,643,469
380,450,470,450,470,475,380,475
53,482,81,483,121,486,152,484,208,487,240,487,269,488,268,513,240,512,207,512,152,509,119,511,80,508,52,508
169,535,272,535,272,561,169,561
635,537,715,537,715,566,635,566
480,538,546,538,546,564,480,564
375,540,404,540,404,564,375,564
57,579,207,583,207,609,56,606
354,584,368,586,378,589,385,586,393,585,403,585,416,584,417,611,404,612,394,612,387,613,375,615,366,612,352,611
458,587,543,587,543,612,458,612
620,585,712,587,711,624,619,621
35,667,290,669,290,699,35,697
584,676,696,679,695,706,584,704
29,755,146,755,146,780,29,780
614,766,694,769,693,792,613,790
24,791,43,792,63,792,82,793,104,790,116,791,135,791,134,812,115,812,105,811,82,814,62,813,43,813,24,812
677,808,689,808,689,824,677,824
195,826,238,824,307,827,375,826,442,831,529,834,565,837,565,870,528,867,440,864,373,858,307,860,237,857,194,859
72,879,231,872,232,901,73,909
84,950,99,950,122,952,145,949,167,949,194,946,213,946,213,966,194,967,170,969,146,970,123,972,100,971,85,970
240,945,376,950,375,975,239,970
