232,294,278,293,332,290,385,289,425,289,472,284,511,281,512,315,473,318,426,323,386,323,333,324,280,327,233,328
156,344,496,333,497,358,156,369
158,380,179,380,179,396,158,396
503,398,617,395,618,419,503,423
139,412,178,408,209,406,262,402,309,404,362,402,401,403,401,424,363,424,310,425,263,424,209,428,179,429,140,433
559,427,620,427,620,452,559,452
277,434,438,434,438,456,277,456
124,442,140,440,162,438,180,437,201,437,230,438,246,439,246,459,230,459,201,458,181,458,164,459,141,461,125,463
245,466,454,462,454,488,246,491
445,489,602,485,602,509,445,513
212,492,239,492,239,514,212,514
299,493,313,493,328,494,344,493,363,494,376,494,389,495,389,513,376,512,363,512,343,511,328,512,313,511,300,511
127,494,161,494,161,514,127,514
452,519,528,519,528,541,452,541
114,521,134,521,156,521,173,521,206,520,226,521,247,521,246,542,225,541,205,540,175,541,156,542,134,542,113,542
297,524,310,523,330,522,341,520,356,522,375,523,385,524,386,541,376,540,356,539,341,538,330,539,311,540,298,542
112,542,130,543,147,544,178,543,195,543,214,543,239,543,236,560,211,560,195,560,177,560,147,561,129,560,111,560
109,570,120,573,129,575,139,575,150,575,163,575,174,575,174,595,163,595,150,595,139,595,128,595,120,593,109,591
201,579,241,579,241,595,201,595
320,575,380,575,380,597,320,597
454,576,465,575,477,573,488,574,499,575,511,575,522,576,521,596,510,595,500,595,490,594,474,593,465,595,454,596
105,595,434,595,434,620,105,620
96,627,107,628,121,629,132,629,147,629,157,628,168,626,168,647,157,648,149,649,133,649,118,649,111,648,100,647
188,628,197,629,204,628,215,630,225,629,228,646,237,645,242,628,233,629,223,646,212,647,205,645,195,646,186,645
441,629,514,629,514,651,441,651
297,631,308,631,320,631,337,631,349,630,365,631,376,631,375,651,364,651,350,650,336,651,322,651,308,651,297,651
104,644,143,647,252,648,321,652,410,648,515,648,553,647,553,669,515,670,410,670,321,674,252,670,142,668,104,666
94,669,156,669,156,691,94,691
91,703,158,703,158,718,91,718
180,700,189,701,196,700,206,702,213,700,221,702,230,702,231,719,222,719,213,717,203,719,195,717,190,718,181,717
287,702,298,702,312,702,329,703,342,702,356,702,367,702,366,723,355,723,343,723,326,723,313,723,301,723,290,723
430,705,441,705,452,705,470,705,484,705,497,705,508,705,508,725,497,725,484,725,467,725,455,725,440,725,429,725
91,723,120,721,145,720,180,720,219,722,263,722,292,721,290,740,261,740,220,740,180,739,144,738,120,739,91,741
78,754,87,753,100,753,114,752,125,751,144,754,154,755,151,772,142,772,127,769,116,770,99,771,86,771,77,771
171,754,182,754,189,752,200,754,206,753,212,774,223,774,229,754,218,754,207,773,195,774,190,772,179,774,168,774
298,762,307,760,322,759,329,758,341,760,353,760,362,762,360,779,350,777,340,777,331,775,321,776,309,777,300,779
438,761,501,761,501,783,438,783
82,771,293,775,293,800,82,795
73,803,147,803,147,826,73,826
174,810,217,810,217,828,174,828
287,814,297,814,314,812,320,813,332,815,344,815,357,817,355,835,341,832,331,832,322,830,310,829,302,831,292,831
432,817,494,817,494,839,432,839
91,827,130,826,155,827,218,827,278,829,321,833,359,836,358,857,320,854,277,851,218,849,155,849,128,848,89,848
62,864,87,864,108,867,135,866,162,868,184,868,209,869,204,890,180,889,161,889,135,887,108,888,85,885,60,885
437,882,448,881,462,879,481,880,495,882,517,883,525,884,525,900,517,899,495,898,479,896,463,895,446,897,435,898
61,892,78,892,98,892,120,894,132,896,151,896,169,897,166,916,149,915,132,915,118,913,97,912,76,911,59,911
55,919,75,920,88,921,108,922,124,922,141,924,158,925,159,940,141,939,123,937,108,937,88,936,75,936,54,935
50,954,61,955,79,956,92,957,109,957,123,959,139,960,139,982,123,981,107,979,93,979,75,978,62,977,51,976
47,987,60,987,84,990,106,990,126,993,149,995,166,997,164,1015,147,1013,125,1011,105,1008,83,1008,58,1005,44,1005
42,1022,63,1024,82,1028,108,1027,129,1031,155,1033,176,1037,175,1057,154,1052,127,1050,108,1046,81,1047,61,1043,39,1041
412,1051,423,1051,440,1054,459,1053,475,1057,501,1057,512,1059,509,1081,498,1079,474,1080,456,1075,439,1076,421,1073,409,1073
38,1066,51,1066,82,1069,95,1069,120,1071,143,1072,164,1072,161,1090,140,1090,119,1089,94,1087,81,1087,50,1085,36,1084
425,1093,507,1100,505,1123,423,1116
36,1101,140,1110,138,1132,34,1123
403,1132,503,1141,500,1167,400,1158
67,1137,100,1140,169,1145,247,1153,341,1161,414,1171,446,1175,445,1194,412,1190,338,1181,245,1172,168,1165,99,1159,66,1157
34,1161,128,1167,127,1190,32,1184
248,1182,293,1182,293,1204,248,1204
386,1190,414,1196,436,1197,464,1204,488,1206,504,1208,527,1210,523,1233,500,1232,485,1230,461,1228,434,1221,411,1219,383,1214
52,1199,91,1201,164,1209,274,1215,381,1231,429,1237,468,1244,465,1266,427,1260,378,1253,272,1238,163,1232,89,1224,51,1222
22,1222,209,1238,207,1262,20,1246
33,1252,161,1263,161,1273,33,1262
19,1271,62,1277,122,1284,169,1290,212,1298,261,1298,305,1301,303,1325,259,1322,210,1322,166,1314,120,1307,60,1301,16,1295
12,1304,39,1307,59,1309,92,1313,121,1316,150,1319,174,1322,171,1337,147,1334,119,1331,90,1328,58,1324,38,1322,11,1319
218,1320,477,1353,474,1379,214,1346
68,1326,416,1375,413,1401,64,1353
