207,158,416,162,416,188,206,183
176,202,217,201,256,200,320,200,357,201,397,202,437,204,436,226,395,225,356,224,320,223,256,222,216,224,176,225
54,233,81,233,81,251,54,251
177,280,454,280,454,313,177,313
334,326,536,321,537,344,335,349
70,323,171,329,170,350,68,344
203,326,300,326,300,344,203,344
88,359,120,359,183,359,264,359,347,359,435,359,468,359,469,378,436,378,347,378,264,378,183,378,120,378,88,378
488,384,553,381,554,401,489,403
353,387,363,388,377,388,390,388,402,386,416,386,427,384,426,405,416,406,404,407,393,408,377,408,364,408,353,408
245,389,285,389,285,407,245,407
50,431,62,432,81,431,102,435,116,434,131,432,143,429,146,452,134,455,119,457,101,458,77,454,63,456,51,455
225,437,238,437,238,454,225,454
492,452,503,452,517,451,531,452,541,449,553,450,564,449,565,470,554,471,544,470,534,473,515,472,504,474,493,473
55,460,171,467,170,494,53,488
493,487,505,486,517,485,533,484,544,484,556,482,568,481,566,503,555,505,544,507,535,506,518,508,505,508,493,509
54,495,223,493,224,517,54,519
316,494,363,494,363,515,316,515
63,555,329,542,330,567,64,579
65,592,221,584,223,611,66,618
560,601,571,601,571,618,560,618
62,630,187,626,187,648,63,652
517,638,529,635,540,633,546,633,555,633,568,633,579,633,578,655,566,655,559,656,548,655,542,656,527,657,516,660
61,669,84,667,111,666,156,663,187,660,211,657,235,654,236,675,213,678,188,680,157,684,112,686,86,688,62,689
62,707,89,705,115,705,158,699,190,695,215,694,241,691,242,715,216,718,192,719,161,723,118,728,89,729,62,731
510,706,521,705,532,704,546,704,559,701,574,702,584,700,581,721,570,722,562,722,549,725,533,725,521,726,510,727
62,744,88,740,145,735,187,729,231,726,277,722,317,719,318,743,277,746,234,750,189,753,147,759,89,764,63,768
128,790,172,784,225,779,342,765,413,764,491,754,535,751,537,776,492,779,415,789,344,791,228,804,175,810,131,815
268,816,291,813,323,811,346,807,366,806,396,802,419,801,421,823,397,824,368,827,349,828,324,833,293,834,269,837
162,861,202,856,272,846,342,839,384,833,453,827,494,822,497,845,456,850,387,856,344,863,276,869,205,879,164,884
