157,96,391,80,393,98,158,114
126,126,152,124,215,119,272,116,316,113,364,110,390,109,390,123,365,125,317,128,272,130,216,134,153,138,127,140
83,187,427,172,429,201,84,216
392,207,418,209,437,210,471,208,497,205,520,203,546,200,544,220,519,223,498,224,473,227,438,230,419,229,393,227
258,218,361,212,362,235,260,241
159,221,213,218,214,237,160,240
98,225,129,225,129,242,98,242
15,230,60,230,60,249,15,249
24,255,62,254,190,251,275,248,371,243,443,240,481,238,482,260,444,262,372,265,276,270,190,273,63,276,25,277
458,272,474,272,493,273,516,270,534,271,550,270,561,270,562,292,551,292,533,293,520,292,492,295,474,294,458,294
268,283,279,280,303,281,312,278,335,278,349,278,365,279,365,300,349,299,336,299,314,299,304,303,279,302,268,305
122,285,170,285,170,302,122,302
56,289,68,289,68,304,56,304
42,323,80,323,171,326,258,322,380,320,471,318,509,317,510,339,472,340,381,342,259,344,171,348,80,345,42,345
457,351,469,350,497,353,511,349,530,349,550,349,562,350,563,375,551,374,530,374,515,374,496,378,469,375,456,376
253,354,265,354,288,356,300,354,322,353,337,352,349,351,349,375,337,376,322,377,303,378,288,380,266,378,253,378
96,359,149,359,149,376,96,376
32,361,41,361,41,376,32,376
29,400,486,396,487,424,29,428
68,440,122,440,122,459,68,459
246,439,261,438,273,438,289,437,304,438,321,438,336,439,336,467,321,466,305,466,290,465,275,466,258,466,243,467
466,442,559,442,559,467,466,467
485,459,495,459,495,469,485,469
36,482,501,492,500,527,35,516
39,531,94,531,94,553,39,553
201,531,217,532,236,533,262,534,282,534,301,534,317,534,317,565,301,565,282,565,265,565,233,564,215,563,199,562
427,536,443,537,464,539,494,540,514,538,536,539,552,538,550,570,534,571,515,571,494,572,463,571,440,569,424,568
473,562,483,562,483,572,473,572
412,653,429,654,452,654,481,656,506,656,527,656,545,657,545,690,528,690,505,689,483,689,448,687,426,687,409,686
85,691,159,697,157,729,82,723
404,708,529,714,527,747,403,742
447,734,457,734,457,746,447,746
57,758,102,762,185,769,259,773,369,780,421,783,480,787,478,821,419,817,367,814,258,807,184,803,99,796,54,792
60,816,183,825,181,857,58,849
63,860,93,862,164,868,202,870,255,870,312,876,354,877,353,909,311,907,252,902,201,902,160,899,91,894,62,892
