837,13,853,10,861,11,873,8,893,9,900,10,913,13,912,23,899,21,891,20,874,18,861,21,852,20,837,23
367,51,405,47,440,46,483,42,521,44,572,48,605,52,603,77,570,73,518,69,483,68,442,71,406,72,367,77
76,74,216,78,216,99,76,95
78,96,163,98,163,107,77,105
802,106,891,97,893,114,804,122
607,113,624,113,654,113,680,112,712,111,741,111,763,112,764,124,742,124,713,123,681,124,654,126,623,125,606,125
60,147,188,152,188,168,59,163
823,151,906,146,907,162,824,167
217,151,239,150,286,153,317,151,349,152,388,154,413,155,411,170,386,169,349,167,317,166,286,168,239,165,217,166
584,157,674,159,674,173,584,171
64,174,90,175,130,175,161,177,220,176,247,176,272,174,272,189,247,190,221,191,160,192,130,190,88,190,63,189
862,176,908,176,908,192,862,192
584,183,768,183,768,198,584,198
869,204,906,204,906,219,869,219
585,208,720,213,719,229,585,224
57,226,181,231,180,246,56,241
585,235,741,235,741,251,585,251
798,262,909,260,909,276,799,278
585,261,610,262,625,261,657,264,680,264,699,263,722,261,721,278,699,280,680,281,656,281,624,278,610,279,585,278
57,289,168,291,167,306,57,304
800,291,862,289,862,304,800,307
588,290,721,294,720,312,588,307
56,321,64,324,73,325,77,326,84,326,91,326,99,325,102,341,94,341,84,341,77,342,70,340,64,340,56,337
197,325,222,324,264,325,289,324,331,325,352,326,385,327,383,345,351,344,331,344,289,342,264,343,221,342,196,343
812,328,891,328,891,342,812,342
471,329,554,329,554,344,471,344
566,330,576,329,586,330,602,330,613,332,630,333,637,334,634,348,627,347,612,346,600,344,586,344,576,344,565,344
675,330,736,332,735,348,675,346
53,345,103,347,102,362,52,360
246,347,263,347,280,349,302,348,316,350,337,349,350,350,350,364,337,363,317,364,302,362,280,362,263,361,247,361
488,348,535,348,535,365,488,365
666,350,756,350,756,366,666,366
816,350,891,350,891,365,816,365
565,351,635,351,635,366,565,366
39,367,101,367,101,382,39,382
128,367,157,367,245,369,304,369,376,370,467,373,496,374,497,390,468,389,375,386,303,385,245,386,157,383,128,383
871,369,919,369,919,384,871,384
726,373,734,373,741,372,751,372,761,372,770,372,777,372,776,385,769,385,761,385,751,385,741,386,731,386,724,386
59,389,85,388,136,388,181,388,244,389,294,390,319,390,320,405,294,404,244,404,181,402,136,402,85,403,59,403
850,391,859,390,874,390,886,389,899,390,914,389,923,389,922,402,914,401,897,402,887,401,875,402,859,403,850,404
709,390,777,390,777,404,709,404
478,391,516,391,516,406,478,406
38,406,362,411,361,428,38,423
866,407,922,407,922,423,866,423
722,410,778,410,778,425,722,425
482,413,523,416,522,428,482,426
39,427,64,428,133,429,173,430,221,430,270,432,296,433,296,447,271,447,221,445,172,445,133,443,64,442,39,442
866,429,922,427,923,443,867,445
724,429,778,429,778,444,724,444
36,448,98,448,98,463,36,463
855,448,925,448,925,463,855,463
112,449,129,450,157,451,183,452,210,451,241,453,263,453,263,465,241,465,211,463,182,464,156,464,129,462,112,462
712,450,780,450,780,465,712,465
36,468,61,469,117,470,158,471,187,471,233,472,258,473,257,487,232,486,187,485,157,485,117,484,61,483,36,482
856,470,864,469,880,469,889,469,902,469,919,468,928,468,928,483,920,484,902,484,889,484,881,484,863,485,854,485
712,471,781,471,781,485,712,485
871,488,927,488,927,504,871,504
40,491,61,491,117,492,156,491,202,494,247,495,269,497,268,509,247,508,202,506,156,504,117,505,61,504,39,504
725,491,781,491,781,506,725,506
872,509,928,509,928,525,872,525
110,510,132,511,164,512,203,513,228,512,259,514,284,514,284,529,259,528,228,527,203,527,163,526,132,525,109,525
727,512,783,512,783,526,727,526
881,531,928,529,929,544,881,546
179,534,204,535,233,534,256,537,294,536,328,534,348,532,347,546,328,548,295,550,257,551,233,548,204,549,179,548
733,532,740,532,748,533,758,532,768,532,777,532,785,532,784,546,776,546,769,546,759,546,748,546,739,546,732,546
874,550,930,550,930,566,874,566
127,552,152,554,195,555,245,558,269,555,313,555,338,552,339,566,314,569,269,569,244,572,194,569,152,568,127,566
728,553,784,553,784,568,728,568
480,559,519,557,520,570,481,572
729,574,785,572,786,587,730,589
875,572,931,572,931,587,875,587
165,573,187,575,210,576,258,579,293,579,325,578,347,576,347,589,325,590,293,591,258,592,209,589,186,588,164,586
481,576,521,576,521,591,481,591
850,593,930,593,930,607,850,607
706,596,719,595,729,596,749,594,761,593,773,594,786,594,786,609,773,609,761,608,750,608,729,611,719,610,705,611
183,596,319,596,319,612,183,612
481,599,487,599,494,599,499,599,507,599,514,600,523,602,521,613,513,612,506,611,500,610,493,611,486,610,480,610
