127,126,412,131,411,156,126,151
60,152,105,154,151,156,221,159,269,159,361,160,395,159,395,185,361,185,269,185,221,184,149,181,105,180,61,177
51,193,232,199,232,220,50,214
49,226,364,229,364,253,49,249
48,258,335,259,335,285,48,284
43,291,54,291,73,292,91,291,102,291,125,295,135,296,132,317,122,316,101,312,91,312,72,313,52,312,42,312
226,291,249,291,249,310,226,310
434,292,465,292,465,307,434,307
275,292,306,292,306,309,275,309
394,323,462,321,462,340,394,341
281,326,330,324,331,342,282,345
351,325,363,325,363,341,351,341
31,328,203,325,203,345,31,348
239,327,253,327,253,344,239,344
385,354,459,352,460,372,386,374
29,356,131,360,130,385,28,382
239,358,252,358,252,377,239,377
434,385,458,385,458,403,434,403
25,391,222,390,222,413,25,414
382,419,456,417,456,436,382,439
24,428,211,428,211,452,24,452
243,464,377,457,378,480,244,487
