260,118,286,118,326,118,356,116,400,112,436,109,467,105,469,128,438,131,402,134,358,138,326,141,287,141,261,141
248,156,491,139,492,161,250,177
101,187,138,187,138,205,101,205
227,227,510,216,512,248,228,259
486,256,507,254,522,254,546,252,564,253,585,249,605,246,603,265,582,267,564,272,549,271,521,272,507,273,487,274
382,259,392,260,407,262,421,261,437,262,456,257,466,256,467,275,457,276,438,281,422,280,406,281,392,279,382,278
251,267,348,265,348,284,251,286
121,266,219,270,218,291,121,287
107,299,144,300,218,298,275,300,338,296,407,291,443,287,444,308,408,312,339,318,275,321,218,319,144,322,108,321
419,324,432,324,442,323,448,323,462,322,471,322,480,321,481,340,472,340,462,340,450,342,443,341,431,343,417,343
110,332,233,332,233,355,110,355
547,347,558,345,571,343,589,340,603,338,616,337,626,335,628,356,618,358,608,359,593,361,572,365,560,366,550,368
417,357,428,356,437,358,448,355,458,354,471,354,482,353,480,374,469,374,460,374,450,375,438,378,427,377,417,377
289,361,297,362,304,361,308,363,316,360,325,361,333,359,333,375,325,377,318,377,311,379,301,377,296,379,288,377
223,363,249,363,249,379,223,379
108,364,193,364,193,382,108,382
114,399,151,399,192,400,227,400,274,399,325,397,361,396,362,417,326,418,275,419,227,420,191,420,150,420,114,419
567,412,576,412,585,412,598,410,610,407,621,405,630,403,635,421,626,424,611,426,601,429,589,431,574,431,565,431
426,429,435,427,443,428,452,425,463,425,474,424,483,423,486,442,476,443,465,444,452,444,449,446,430,445,421,447
292,432,333,432,333,448,292,448
236,432,249,432,249,448,236,448
90,470,102,470,120,469,140,473,160,474,175,473,191,471,191,495,174,496,159,497,140,497,118,492,100,494,89,493
256,479,282,479,282,498,256,498
553,479,645,479,645,514,553,514
85,496,111,502,127,504,145,506,171,504,200,508,212,508,209,531,198,531,171,527,145,529,123,527,111,525,85,519
554,529,573,532,589,530,601,532,622,527,638,525,651,522,654,547,641,550,626,552,602,557,590,555,575,557,556,554
84,548,96,549,122,550,137,552,156,550,175,548,196,543,195,567,174,571,157,573,137,575,120,573,97,573,85,571
556,569,569,571,593,569,605,571,626,566,645,565,658,563,657,588,644,590,630,591,606,596,595,594,570,596,556,593
85,581,264,581,264,606,85,606
357,585,408,582,410,606,358,608
89,645,377,639,378,664,90,671
84,689,118,685,178,685,211,681,268,683,317,679,357,678,356,704,317,705,268,708,211,707,181,711,117,711,84,714
636,710,665,710,665,733,636,733
83,726,216,726,216,751,83,751
622,754,670,754,670,779,622,779
81,769,269,765,270,792,82,796
75,815,106,814,138,815,182,810,216,808,244,806,275,802,277,830,245,833,218,836,183,838,140,842,106,841,75,842
590,837,604,838,618,838,637,838,652,838,669,838,683,838,682,865,668,865,653,865,640,865,616,865,602,865,588,864
76,857,113,852,176,850,211,846,270,846,325,844,357,843,356,871,325,872,273,873,211,874,177,878,113,880,76,884
110,913,163,909,290,902,411,896,472,899,590,896,643,899,643,929,590,926,472,930,411,926,292,933,164,939,112,944
303,952,326,950,362,950,390,945,414,946,448,943,477,944,478,970,449,969,415,972,393,971,362,976,326,976,303,978
174,992,222,990,313,985,388,985,452,978,550,981,599,978,599,1006,551,1008,452,1005,389,1012,315,1012,223,1017,175,1019
