188,91,226,94,261,94,289,96,318,91,364,91,392,88,393,109,365,112,320,112,290,117,261,115,226,115,189,112
196,120,226,120,252,121,284,119,323,115,351,114,384,112,384,131,351,133,324,134,285,137,252,139,226,139,197,139
40,139,163,139,163,169,40,169
195,146,217,145,253,144,298,141,326,139,355,139,384,138,386,157,356,158,327,159,298,160,254,163,217,164,195,165
232,167,353,163,354,185,233,189
155,210,173,210,200,210,229,210,249,210,275,209,300,207,301,226,275,227,250,228,229,229,201,229,174,229,156,229
324,230,418,224,419,242,325,248
40,234,270,234,270,252,40,252
302,254,321,253,348,252,368,251,395,249,412,248,428,247,429,263,413,264,395,266,368,267,349,268,322,270,302,270
40,255,116,255,116,275,40,275
363,295,371,295,384,294,394,295,404,292,414,294,425,294,422,309,412,309,407,307,396,310,385,309,369,311,361,310
205,299,216,301,223,302,239,302,247,300,258,300,265,300,267,314,260,315,250,315,237,316,225,316,215,316,204,314
299,297,319,297,319,314,299,314
40,302,57,301,66,300,86,302,96,301,108,302,122,302,120,317,107,317,95,316,84,317,68,315,56,316,39,317
43,322,293,322,293,341,43,341
364,339,430,336,431,353,364,356
211,344,275,342,275,359,211,362
45,344,167,344,167,361,45,361
45,367,347,362,348,382,45,387
365,383,432,380,433,397,366,399
211,387,276,387,276,403,211,403
46,388,167,388,167,405,46,405
48,411,394,402,395,422,48,431
375,425,432,425,432,441,375,441
219,430,226,430,237,431,249,431,260,430,270,430,278,429,278,444,271,444,261,445,250,446,236,446,226,445,218,444
48,432,170,432,170,449,48,449
366,468,434,468,434,485,366,485
51,473,243,471,243,491,51,493
414,491,426,491,426,505,414,505
51,496,199,492,200,512,51,515
367,512,435,510,436,528,367,530
47,515,73,517,87,518,121,516,138,517,158,517,181,518,182,535,159,534,138,534,122,534,86,535,74,534,48,533
369,533,435,533,435,550,369,550
62,539,137,539,137,558,62,558
387,556,435,556,435,571,387,571
62,562,111,562,111,579,62,579
372,577,437,577,437,594,372,594
52,583,166,579,166,599,53,602
126,602,362,595,363,615,127,621
291,646,303,645,338,643,370,644,386,645,414,645,436,646,436,658,414,657,386,657,369,656,338,655,304,657,292,658
55,648,211,643,212,662,55,667
55,670,282,662,283,682,56,690
411,665,431,665,431,680,411,680
282,686,438,686,438,703,282,703
56,693,68,693,89,692,113,691,142,691,162,688,181,686,181,704,161,706,143,708,114,709,90,710,69,710,57,710
122,753,368,749,369,769,122,773
70,780,100,779,171,776,245,773,327,773,372,773,402,773,402,789,372,789,327,789,245,790,172,793,101,795,71,797
117,817,147,817,183,818,238,816,301,815,337,813,367,812,367,829,337,830,301,833,238,833,184,835,148,835,118,835
81,845,110,843,163,840,230,837,301,836,372,835,402,835,402,852,372,852,301,853,230,854,164,857,112,860,82,862
