153,206,488,159,493,193,158,240
193,245,228,239,276,232,343,221,374,218,445,211,480,208,481,227,446,230,375,237,345,240,279,251,231,258,196,264
200,265,226,261,281,254,323,246,377,238,414,233,449,228,451,248,416,253,380,259,326,267,284,274,229,281,203,285
151,304,189,299,256,290,346,276,388,270,474,255,520,247,524,281,479,289,392,304,353,310,261,324,195,333,156,338
202,344,236,337,274,328,339,319,387,310,452,301,487,295,490,316,455,321,391,330,342,339,278,349,240,357,205,364
351,382,615,352,620,390,355,420
94,397,129,397,129,422,94,422
526,403,590,403,590,430,526,430
260,416,324,395,381,572,318,593
98,441,109,438,130,433,149,429,173,425,190,422,211,420,214,443,193,446,177,448,153,452,136,456,113,461,101,464
530,441,540,439,555,434,568,434,575,432,589,432,599,430,598,450,588,452,578,453,569,455,557,454,544,459,534,462
447,435,486,430,489,454,449,459
233,448,292,431,325,548,267,565
362,449,400,445,403,468,365,473
535,469,546,469,567,468,580,466,599,463,621,457,632,455,639,477,627,479,602,486,584,488,572,490,548,492,536,492
124,488,141,487,160,485,184,484,192,478,217,476,228,471,233,493,222,499,197,501,187,506,161,508,144,510,127,511
356,505,382,499,407,495,431,490,461,485,485,482,501,480,504,502,487,504,462,507,436,511,412,517,385,521,359,527
528,545,548,538,561,533,586,531,605,528,632,523,648,519,651,542,635,546,610,551,589,554,565,556,551,562,531,568
114,542,244,521,248,545,117,565
118,566,185,557,188,580,121,589
555,578,567,576,588,570,609,568,618,565,639,564,650,561,654,584,642,586,622,587,612,590,592,593,570,599,558,601
279,571,296,573,318,572,340,576,371,568,389,564,415,553,415,577,390,588,376,591,343,599,319,595,293,597,276,594
354,618,362,614,377,608,386,607,397,606,408,606,420,607,422,624,410,623,397,624,392,624,380,625,369,631,360,635
546,619,562,617,582,611,598,611,619,606,639,603,660,600,663,622,642,626,621,629,603,633,586,634,566,639,549,642
328,615,354,615,354,635,328,635
348,650,426,640,429,662,351,672
550,659,568,655,592,650,604,647,628,644,650,640,664,639,667,665,654,667,633,671,608,674,596,676,572,681,554,685
180,673,430,639,446,757,196,791
563,708,681,692,685,720,567,737
310,805,331,804,351,802,381,799,401,797,435,790,452,788,456,810,439,813,405,820,385,821,354,825,333,827,312,828
315,845,458,830,461,858,318,873
670,840,701,840,701,865,670,865
192,894,237,891,286,888,371,877,424,871,485,863,530,856,533,883,488,889,427,897,375,903,289,914,240,917,194,921
195,964,235,960,325,951,404,943,514,934,603,922,644,917,647,940,606,945,517,957,406,967,327,975,238,984,197,988
310,993,344,989,402,982,445,978,488,974,550,968,592,963,596,1001,554,1006,491,1012,449,1016,406,1020,347,1027,313,1031
240,1050,291,1045,388,1035,453,1030,543,1024,604,1014,654,1008,657,1037,607,1044,546,1053,456,1060,391,1065,293,1075,243,1079
329,1079,365,1077,426,1073,457,1070,499,1069,554,1061,595,1058,597,1081,557,1084,502,1092,458,1094,428,1096,367,1100,331,1103
238,1111,278,1110,381,1101,454,1096,554,1087,659,1073,699,1069,702,1091,662,1096,556,1110,456,1119,382,1124,281,1132,240,1134
221,1144,262,1141,397,1126,466,1122,569,1108,649,1101,689,1096,692,1120,652,1125,572,1131,468,1146,398,1149,265,1164,224,1167
227,1167,267,1163,365,1152,471,1143,591,1129,670,1124,710,1120,713,1143,673,1146,593,1151,473,1165,367,1174,270,1185,230,1189
440,1171,450,1171,465,1166,475,1169,495,1167,503,1165,513,1163,516,1184,505,1186,494,1187,477,1189,466,1187,454,1191,443,1191
