206,94,441,93,442,118,206,119
172,138,201,138,275,136,327,135,375,136,436,138,469,140,468,161,435,160,375,158,327,157,276,158,201,160,172,160
26,176,64,176,64,194,26,194
168,224,480,226,480,261,168,259
50,271,71,272,88,274,107,272,122,274,150,277,162,279,159,302,148,300,120,297,106,296,88,297,69,294,48,294
455,273,578,273,578,295,455,295
195,275,301,275,301,295,195,295
340,273,351,275,367,276,382,277,396,279,418,274,428,274,429,294,419,295,398,299,382,298,364,296,350,295,340,294
64,307,105,308,198,309,293,309,388,309,483,308,524,307,524,330,484,331,388,332,293,332,198,332,105,331,64,330
498,341,508,343,525,344,544,347,560,344,582,342,592,340,593,360,582,363,561,364,544,367,524,364,508,364,498,362
346,343,357,344,379,343,390,345,406,344,428,343,439,342,440,363,429,364,406,365,391,367,380,364,357,366,346,364
239,346,281,346,281,363,239,363
53,382,90,383,145,382,221,383,293,382,346,383,384,383,384,405,347,405,293,405,220,406,145,405,90,405,53,404
373,416,384,417,392,419,402,416,414,416,428,416,439,416,438,438,427,438,415,437,403,438,392,441,382,438,371,437
178,419,191,419,191,435,178,435
236,419,280,419,280,435,236,435
527,417,592,417,592,440,527,440
35,460,131,464,130,491,34,487
213,469,227,469,227,485,213,485
35,492,165,499,163,525,34,518
501,492,512,495,535,495,549,498,563,495,586,495,597,493,598,514,587,516,562,516,548,520,535,516,511,516,500,513
36,527,205,527,205,550,36,550
301,530,351,530,351,551,301,551
502,530,512,532,537,533,550,536,562,534,587,533,597,531,597,551,587,554,563,555,550,557,536,553,511,553,501,550
47,586,128,586,128,607,47,607
149,587,178,586,202,584,229,584,259,586,296,585,320,586,320,608,296,607,259,608,229,606,202,607,178,608,149,610
46,621,207,617,207,641,47,645
44,658,163,658,163,677,44,677
49,694,77,694,77,700,49,700
