158,70,186,71,218,71,235,72,270,71,295,71,323,71,322,87,293,88,270,88,234,88,218,88,187,87,158,87
174,94,192,93,212,93,235,93,262,94,286,94,307,94,305,108,284,108,262,108,235,107,212,106,193,107,174,107
31,108,133,108,133,133,31,133
169,113,195,113,218,113,243,113,267,114,288,113,307,113,308,129,289,129,266,130,243,129,218,129,195,129,169,129
191,132,290,133,290,150,191,149
128,168,141,167,163,168,186,167,204,168,225,168,246,168,246,182,225,182,204,182,187,181,163,182,141,181,129,182
30,186,222,186,222,203,30,203
265,186,343,186,343,201,265,201
247,206,261,205,280,205,300,204,315,205,337,205,349,206,349,219,338,218,314,218,300,217,281,218,261,218,247,219
30,206,92,206,92,221,30,221
293,241,300,241,309,241,319,241,328,239,338,240,345,240,342,253,335,254,329,253,321,254,309,255,300,255,293,255
28,243,40,242,47,241,64,241,72,240,83,242,95,242,93,256,81,255,71,254,63,255,49,255,40,256,27,257
166,243,214,240,215,257,167,260
243,242,259,242,259,255,243,255
33,260,57,260,73,259,103,260,140,262,163,260,184,259,184,273,163,274,139,276,102,274,72,273,57,274,33,274
301,277,349,277,349,291,301,291
27,278,40,278,64,278,78,278,95,277,117,278,131,278,131,292,117,292,95,292,78,292,64,292,40,292,27,292
173,279,222,279,222,291,173,291
31,313,192,313,192,329,31,329
301,313,349,313,349,327,301,327
31,331,154,331,154,347,31,347
333,333,340,333,340,342,333,342
31,349,138,349,138,365,31,365
301,349,349,349,349,362,301,362
301,367,349,365,349,378,301,380
38,369,100,369,100,382,38,382
31,384,123,384,123,400,31,400
92,402,116,403,154,402,183,404,222,401,253,401,277,400,276,413,252,415,223,415,184,417,153,416,117,417,93,416
82,454,289,453,289,469,83,470
53,474,77,474,122,473,185,473,245,472,297,472,321,471,322,485,298,485,245,485,185,486,122,487,77,487,53,487
66,507,304,505,304,521,66,522
32,526,56,526,122,525,175,524,229,524,304,524,328,524,328,538,304,538,229,538,175,539,122,540,56,540,32,540
