205,71,369,61,370,82,206,91
226,92,240,91,259,91,283,89,308,88,325,89,342,90,342,104,326,104,310,103,284,104,259,106,240,106,226,107
67,90,173,101,170,130,64,119
201,111,218,111,251,112,291,110,316,109,342,109,365,107,366,122,343,124,316,124,291,125,252,127,218,126,201,126
228,132,333,128,334,144,229,149
159,165,173,166,196,166,220,167,240,166,262,166,285,166,285,180,262,180,241,180,220,181,196,180,173,180,159,179
57,173,83,176,117,180,150,183,188,184,228,185,253,185,253,199,228,199,188,199,149,197,116,194,81,191,55,187
302,185,390,181,391,197,303,201
55,192,65,193,80,195,93,196,102,197,112,197,123,197,120,212,110,212,101,211,92,211,78,209,63,207,52,206
282,201,305,203,317,204,337,203,363,200,382,199,397,197,397,210,383,212,364,213,338,216,318,217,305,216,282,214
56,230,62,230,76,232,90,233,101,234,112,236,124,238,121,251,110,249,100,247,88,246,75,245,61,243,55,243
332,239,386,235,387,251,333,255
275,240,292,240,292,253,275,253
195,241,245,241,245,255,195,255
54,246,83,249,129,252,190,256,251,257,294,257,322,257,323,273,294,273,251,273,189,272,128,268,81,265,52,262
52,267,67,268,83,270,105,271,120,272,138,273,156,274,156,287,138,286,119,285,104,284,82,283,66,281,51,280
337,276,391,274,392,288,338,290
201,277,251,277,251,290,201,290
54,288,80,288,121,290,168,291,228,295,260,294,286,294,286,308,260,309,227,310,167,306,121,305,79,303,53,302
51,303,156,310,155,326,50,319
335,312,389,312,389,327,335,327
199,313,248,313,248,326,199,326
47,339,68,341,108,342,131,345,170,346,200,346,215,346,215,361,200,362,169,362,130,360,107,358,67,356,45,354
332,351,384,351,384,363,332,363
48,357,175,364,174,380,48,372
366,370,374,370,374,380,366,380
43,376,60,376,79,376,105,378,119,379,144,381,157,382,157,397,144,396,118,394,104,393,78,391,59,391,43,391
330,387,382,387,382,399,330,399
53,394,117,396,117,411,53,408
318,402,332,403,340,403,349,405,359,403,374,404,381,404,381,418,374,418,359,417,349,419,340,417,332,417,318,416
45,410,140,416,139,431,44,425
353,423,378,423,378,431,353,431
42,465,54,466,83,467,107,469,128,470,153,471,176,471,175,484,152,484,128,483,107,482,82,480,54,479,41,478
341,480,374,480,374,491,341,491
39,483,234,490,233,506,39,498
38,500,141,505,140,520,37,514
231,509,372,515,371,530,230,525
86,553,109,555,147,558,192,560,225,563,278,566,304,569,303,583,277,581,224,577,192,574,146,572,108,569,86,568
45,571,68,573,130,576,192,580,262,583,319,587,342,588,341,601,318,600,261,596,192,593,129,589,68,585,45,584
85,608,111,609,143,611,182,613,235,617,275,618,300,619,300,634,274,633,234,631,181,627,142,625,111,624,85,622
40,624,66,625,134,629,179,632,236,635,315,641,341,643,340,657,315,655,235,649,178,646,133,643,65,639,39,638
