279,190,686,197,685,235,278,228
76,247,892,257,891,294,76,284
282,304,685,307,685,339,282,336
301,426,665,429,665,467,301,464
69,488,290,492,290,526,68,522
630,509,661,506,708,504,750,502,799,501,859,503,891,503,891,537,860,536,798,534,750,535,710,537,660,540,628,543
704,577,888,577,888,586,704,586
65,625,112,625,112,657,65,657
390,627,406,630,431,634,452,636,484,638,499,634,521,630,525,661,502,665,483,670,452,667,428,665,405,662,389,659
708,631,886,631,886,670,708,670
60,684,654,692,653,738,59,730
399,751,520,751,520,788,399,788
757,755,777,755,801,755,825,755,851,755,871,755,891,755,891,794,871,794,850,794,828,794,797,794,777,794,756,794
58,814,361,814,361,852,58,852
63,880,78,880,78,906,63,906
393,878,520,878,520,916,393,916
758,881,776,881,801,880,827,881,852,880,871,879,890,877,889,914,871,915,853,916,830,917,797,916,777,917,759,917
442,904,453,904,453,919,442,919
56,953,106,951,150,958,206,950,267,952,308,957,350,962,344,999,302,994,266,990,207,988,151,996,102,989,53,990
758,953,775,954,799,954,826,955,849,954,872,952,890,950,891,985,873,987,849,988,831,989,795,988,775,989,757,988
221,1060,272,1061,364,1067,458,1063,563,1064,645,1067,696,1068,698,1097,647,1096,561,1093,457,1092,365,1096,270,1090,219,1089
