201,84,387,82,387,103,201,105
197,108,231,108,264,108,291,108,325,112,366,107,388,107,388,127,366,127,326,132,290,128,264,128,232,128,197,128
28,129,159,129,159,164,28,164
212,132,246,135,275,133,292,135,329,135,347,133,376,130,377,151,348,154,329,156,292,156,275,154,246,156,212,153
234,160,358,158,359,180,235,182
158,205,306,203,307,223,159,225
332,225,433,225,433,243,332,243
36,229,278,226,278,246,36,249
313,247,443,247,443,266,313,266
37,251,53,251,63,250,75,251,91,251,102,251,119,251,119,268,103,268,92,268,75,268,62,267,52,268,36,268
375,291,436,291,436,309,375,309
210,293,219,295,229,295,246,296,254,294,266,292,273,290,271,306,263,308,258,309,244,311,231,311,219,310,210,309
308,294,328,294,328,308,308,308
41,298,59,296,66,295,86,294,97,295,109,296,124,297,122,313,107,312,97,311,86,310,67,311,58,312,40,314
44,315,71,315,107,317,145,315,173,314,210,315,241,315,240,333,209,333,173,332,146,333,108,335,71,333,43,333
393,336,444,334,445,350,394,352
49,337,173,337,173,356,49,356
233,337,282,337,282,353,233,353
52,358,208,358,208,375,52,375
53,378,176,380,175,397,53,395
229,378,285,378,285,394,229,394
388,378,446,378,446,394,388,394
87,400,115,401,160,401,234,401,291,399,364,398,392,397,392,413,364,414,292,415,234,417,160,417,114,416,87,416
388,419,446,419,446,435,388,435
56,419,177,422,177,438,56,436
239,420,288,420,288,436,239,436
61,458,254,458,254,477,61,477
389,461,447,461,447,477,389,477
64,477,77,477,115,481,132,479,159,479,196,479,212,478,212,496,195,497,159,497,133,498,114,499,76,496,64,495
429,485,437,485,437,496,429,496
66,499,194,499,194,516,66,516
391,502,449,502,449,516,391,516
77,519,149,519,149,536,77,536
391,522,449,522,449,537,391,537
74,539,82,540,91,540,99,541,110,541,118,540,126,540,125,555,118,555,110,556,101,556,90,555,83,555,75,554
401,542,449,542,449,556,401,556
68,561,84,560,101,560,122,559,141,559,165,561,180,563,180,577,164,576,141,573,121,573,102,574,84,574,68,575
145,578,377,578,377,596,145,596
77,615,229,617,229,633,77,632
308,620,451,620,451,633,308,633
78,634,299,634,299,651,78,651
80,654,197,654,197,670,80,670
299,655,454,657,454,673,299,671
146,709,384,712,384,730,146,726
87,728,456,733,456,749,87,744
133,764,405,767,405,784,133,781
116,785,140,785,198,784,259,785,321,787,410,788,434,789,433,803,409,802,321,801,259,799,198,798,140,799,116,800
85,868,105,868,153,869,175,868,205,868,239,870,270,871,270,890,239,888,203,886,175,886,152,887,105,886,85,886
