164,92,373,92,373,115,164,115
136,135,173,133,212,130,274,131,314,130,352,130,389,130,389,150,352,151,314,151,274,151,212,151,173,154,136,156
8,162,41,162,41,180,8,180
134,207,409,207,409,238,134,238
284,251,308,250,355,248,393,248,420,247,472,246,496,245,497,263,473,264,420,266,393,266,357,266,307,269,283,269
26,252,40,250,60,250,79,250,94,250,118,253,128,254,126,273,116,272,92,269,79,269,61,270,39,270,25,271
157,250,184,250,184,268,157,268
208,250,252,250,252,268,208,268
25,282,413,279,414,299,25,302
21,310,41,310,66,310,80,311,104,313,131,312,144,313,143,330,131,330,105,331,78,328,66,328,41,328,21,328
321,310,375,310,375,330,321,330
442,339,510,339,510,358,442,358
23,340,105,340,105,359,23,359
317,339,327,339,334,340,344,339,354,339,367,339,377,339,375,358,365,358,355,358,345,358,337,359,323,358,314,358
131,342,156,342,156,357,131,357
197,342,236,342,236,357,197,357
467,351,473,351,473,358,467,358
31,376,65,375,137,375,235,374,309,374,373,373,407,372,407,391,373,392,309,393,236,393,137,394,66,395,31,395
322,403,377,403,377,423,322,423
22,405,144,405,144,426,22,426
445,434,513,432,514,453,446,455
321,434,376,434,376,454,321,454
195,435,236,435,236,452,195,452
22,437,104,437,104,455,22,455
131,437,155,437,155,453,131,453
14,476,24,478,47,479,60,481,75,480,87,477,101,472,103,492,89,497,78,499,59,501,44,498,26,498,16,496
162,482,186,482,186,498,162,498
439,503,517,503,517,524,439,524
17,504,132,509,131,533,16,528
437,541,447,543,466,542,475,544,488,542,507,541,517,539,518,558,508,560,488,561,476,563,466,561,447,562,437,560
15,545,25,546,50,547,60,549,75,546,101,547,111,545,108,565,98,566,76,566,61,568,48,567,26,566,16,565
19,573,170,573,170,593,19,593
433,573,444,574,459,574,474,576,486,574,505,572,513,570,514,587,505,589,488,590,475,592,458,590,445,591,433,589
257,577,301,577,301,595,257,595
443,606,453,606,465,606,477,605,492,605,503,604,513,603,513,623,503,623,493,624,479,624,463,625,453,625,443,625
20,609,165,609,165,630,20,630
59,652,93,652,174,649,286,649,345,651,438,645,472,644,472,664,438,665,346,671,286,669,174,669,93,672,59,672
205,683,225,683,253,683,275,682,295,682,324,680,348,680,349,701,325,701,296,703,277,703,253,704,224,704,204,704
89,711,447,707,447,729,89,734
