265,117,289,120,321,124,349,127,383,129,412,131,436,132,435,149,411,148,382,146,349,144,320,141,288,138,264,135
253,151,276,152,316,152,342,154,380,155,415,157,438,158,437,171,414,170,379,169,341,167,315,165,276,165,252,164
237,198,264,201,304,207,357,210,388,210,426,210,462,208,461,229,425,231,387,231,357,231,302,228,263,222,236,218
145,226,158,225,179,227,191,226,206,228,225,232,234,234,232,251,223,249,203,244,189,243,179,244,156,242,143,243
257,232,280,232,280,248,257,248
302,236,336,236,336,251,302,251
364,239,382,240,416,242,454,241,483,243,507,243,531,244,530,258,507,257,483,256,453,255,417,256,381,253,363,253
162,251,190,252,241,256,285,256,359,260,403,261,430,263,431,278,403,277,358,275,285,271,240,271,189,268,162,267
289,281,320,281,320,292,289,292
390,281,398,281,407,280,414,281,424,281,434,281,442,281,440,296,433,296,424,296,415,296,407,295,398,296,390,295
496,281,552,281,552,297,496,297
146,298,174,299,247,300,351,306,400,306,496,309,523,309,523,325,496,325,400,322,350,321,247,316,174,315,146,314
241,326,249,326,249,337,241,337
288,326,321,326,321,339,288,339
385,328,443,328,443,344,385,344
500,331,558,331,558,347,500,347
139,349,171,350,246,352,343,356,415,355,485,357,516,357,516,375,484,376,414,373,342,374,245,370,170,368,139,367
240,380,248,380,248,393,240,393
288,382,321,382,321,395,288,395
385,380,394,381,405,381,418,381,427,381,439,381,448,381,447,398,438,398,428,398,418,398,403,398,392,398,383,397
504,384,563,384,563,401,504,401
134,408,166,408,257,408,321,409,395,411,486,412,518,413,518,431,486,431,395,430,320,428,256,426,165,426,134,426
282,436,290,436,295,435,300,436,310,435,314,436,322,437,323,451,316,451,308,449,302,451,295,449,288,451,280,451
385,436,395,436,406,437,417,437,430,437,440,438,450,439,450,458,439,457,431,456,418,456,405,456,394,456,384,455
508,440,568,440,568,456,508,456
124,463,159,464,228,465,316,467,398,469,477,471,512,473,512,493,476,492,399,489,315,487,228,486,159,484,124,483
233,496,243,496,243,510,233,510
281,496,320,496,320,512,281,512
385,496,395,496,407,496,420,496,431,496,442,496,452,496,451,516,441,516,432,516,422,516,404,516,394,516,384,516
510,497,518,498,528,500,543,499,553,498,566,498,574,498,572,514,564,514,554,514,542,515,529,516,517,514,509,513
115,528,483,528,483,548,115,548
230,558,241,558,241,572,230,572
280,558,318,558,318,574,280,574
388,558,454,558,454,579,388,579
515,557,525,557,537,558,547,557,562,557,573,557,583,557,582,577,572,577,562,577,548,577,537,577,523,576,513,577
99,595,187,598,186,622,98,619
244,601,270,601,270,617,244,617
514,624,523,625,537,625,550,626,564,625,584,624,593,623,593,641,584,643,566,643,551,644,536,643,521,643,512,642
91,618,114,625,127,628,143,629,168,626,192,629,206,628,204,649,189,649,168,646,145,649,123,648,115,645,92,639
91,655,116,656,148,657,175,657,201,656,235,655,251,655,251,677,235,678,202,679,175,679,148,680,116,679,91,678
339,659,385,659,385,681,339,681
520,659,596,659,596,680,520,680
89,696,244,696,244,721,89,721
515,693,526,694,540,694,557,696,569,694,588,694,600,693,600,714,589,716,570,715,557,718,540,716,525,716,514,715
92,753,355,749,355,773,92,777
90,790,270,787,270,813,91,816
574,816,600,816,600,835,574,835
86,828,206,828,206,851,86,851
561,851,598,851,598,872,561,872
84,862,114,864,132,864,165,865,206,863,230,862,255,860,256,883,231,885,207,886,165,888,132,887,115,887,85,885
86,906,113,904,136,904,176,900,195,900,230,899,253,899,253,919,231,920,195,920,177,921,137,925,112,924,85,926
526,918,535,918,548,917,560,918,575,915,587,915,596,914,596,931,587,933,577,933,561,935,547,934,536,935,527,935
86,934,121,931,165,930,202,928,254,928,291,927,326,925,326,945,291,946,255,948,202,948,166,950,121,951,86,954
133,965,164,965,280,965,335,964,424,963,508,957,540,955,540,973,509,974,425,980,335,981,281,983,164,983,132,983
284,990,422,988,422,1002,284,1004
347,1003,502,1000,502,1010,347,1012
