236,23,260,24,297,24,338,25,373,27,408,29,436,31,435,47,407,45,373,43,337,41,296,40,260,39,236,39
220,54,244,52,281,50,325,51,378,53,432,55,456,57,455,70,431,68,377,66,325,64,281,63,244,66,221,67
79,77,86,78,87,77,95,78,104,78,111,78,117,78,116,90,110,90,104,90,94,90,90,89,82,89,75,89
193,111,226,111,276,113,342,111,380,111,428,111,471,110,470,135,427,136,379,136,343,136,276,138,227,136,194,136
219,147,315,147,315,164,219,164
353,147,564,147,564,166,353,166
91,151,103,150,122,150,141,148,156,148,179,151,192,153,191,171,179,170,154,166,141,167,125,168,103,168,90,170
89,178,124,177,200,176,285,176,370,175,451,177,486,177,486,197,451,196,370,195,285,196,201,196,124,197,89,198
370,205,380,205,393,205,408,205,422,204,435,205,445,205,445,225,435,224,423,224,409,224,392,224,380,224,370,224
513,204,582,204,582,222,513,222
253,206,261,206,267,205,274,206,281,204,289,206,297,206,298,220,290,220,282,219,274,220,268,220,259,220,252,220
86,241,121,241,205,240,292,240,387,243,472,239,507,239,507,259,472,259,387,263,292,260,205,260,121,261,86,261
68,274,85,272,117,273,134,272,158,275,186,274,203,276,201,294,185,292,159,293,133,290,117,291,86,290,69,292
388,272,448,272,448,294,388,294
512,301,524,301,539,301,551,300,567,299,580,299,592,297,589,319,578,320,569,321,554,322,537,322,524,322,513,323
72,304,160,304,160,324,72,324
254,304,296,304,296,320,254,320
385,303,396,303,405,302,414,302,425,302,438,302,449,302,446,324,435,324,426,324,416,324,406,324,393,324,381,324
77,341,116,341,189,341,284,340,338,342,424,341,463,343,463,364,424,363,338,364,283,362,190,362,116,362,77,363
531,370,542,370,550,372,560,370,573,368,586,369,596,369,595,389,585,389,573,388,564,390,551,393,538,390,528,390
254,374,296,374,296,392,254,392
385,373,396,373,405,372,415,373,427,373,438,373,450,373,449,394,438,394,428,394,418,394,406,394,393,394,381,394
200,377,208,377,208,390,200,390
98,409,137,411,215,411,281,413,366,414,442,413,482,413,483,435,443,436,366,437,280,436,215,434,137,434,97,432
519,439,530,440,546,441,560,440,576,439,590,438,602,437,601,460,590,461,576,462,563,462,543,463,531,462,519,462
251,446,294,446,294,464,251,464
377,446,449,446,449,470,377,470
195,448,208,448,208,464,195,464
58,484,94,485,174,486,244,486,313,485,385,484,421,483,421,504,385,505,314,506,243,506,173,507,94,506,58,505
540,516,552,515,558,516,569,514,582,513,598,514,610,513,605,536,592,537,583,537,571,538,560,539,547,538,535,539
384,518,395,518,406,519,416,518,429,518,441,517,452,515,450,537,439,538,429,539,420,540,405,541,394,540,382,540
251,521,292,521,292,537,251,537
192,521,206,521,206,537,192,537
43,566,55,567,74,565,96,571,112,570,128,567,144,562,144,585,128,590,115,592,94,594,71,588,56,590,44,589
211,572,240,572,240,592,211,592
532,596,544,596,559,596,575,596,590,596,606,596,618,595,616,619,603,620,591,620,577,620,556,620,542,620,530,620
42,598,64,602,79,604,99,604,125,602,153,607,167,608,165,629,151,628,125,623,100,625,76,624,65,622,42,619
537,648,617,648,617,673,537,673
38,648,50,650,74,651,90,653,109,651,127,649,150,644,148,669,125,673,109,675,90,677,72,676,51,674,38,672
38,684,216,684,216,710,38,710
538,688,620,686,621,712,539,714
321,688,376,688,376,712,321,712
41,750,334,750,334,776,41,776
20,792,239,787,240,815,21,821
31,837,55,837,72,838,95,839,120,839,145,839,165,838,166,856,146,857,120,858,95,857,70,856,55,856,31,855
561,876,626,872,628,899,563,903
33,878,219,878,219,904,33,904
27,924,58,922,87,923,132,920,166,920,193,919,224,918,224,945,193,946,166,946,132,946,88,949,57,949,26,950
23,961,65,959,128,962,163,959,218,960,263,960,305,960,303,988,261,988,220,988,161,987,129,989,65,986,23,988
548,961,630,959,631,987,549,989
