73,70,248,67,249,84,74,86
45,86,69,87,90,87,129,89,166,88,205,88,229,87,229,101,205,101,167,102,129,102,90,101,69,101,45,100
32,106,138,110,138,123,31,119
30,126,45,125,57,125,74,124,96,125,105,125,120,127,120,138,104,136,96,136,74,134,57,136,46,136,30,137
166,127,222,127,222,139,166,139
31,143,44,143,63,145,78,143,95,143,113,143,128,143,128,153,113,153,95,152,79,153,63,154,44,152,31,153
33,160,82,162,82,175,33,172
233,162,288,162,288,173,233,173
24,183,30,181,37,181,42,180,47,180,56,181,61,181,61,192,56,192,48,191,42,191,37,192,30,192,24,194
162,180,169,180,174,181,184,180,191,180,198,180,204,180,203,193,196,193,192,193,183,193,177,193,168,193,161,192
241,181,247,181,254,181,263,181,272,181,282,181,288,182,288,193,283,192,271,192,263,192,256,192,246,192,240,192
26,197,62,197,62,211,26,211
165,197,204,197,204,211,165,211
243,197,288,197,288,211,243,211
26,216,76,216,76,229,26,229
165,215,204,215,204,229,165,229
243,215,288,215,288,229,243,229
26,234,31,235,39,234,45,235,51,236,62,236,66,236,66,246,61,245,52,245,45,245,37,244,31,244,26,244
243,233,288,233,288,247,243,247
162,236,169,235,175,234,184,234,191,234,198,234,205,234,205,247,199,247,192,247,183,247,176,247,169,248,162,248
27,251,97,251,97,265,27,265
162,252,169,252,175,251,184,251,191,251,198,251,205,251,205,264,199,264,192,264,183,264,176,264,168,264,161,265
241,253,247,253,255,251,263,252,271,251,282,252,288,252,288,263,282,263,271,262,263,263,255,262,247,264,241,264
27,269,40,269,66,270,83,270,95,269,114,269,132,268,133,280,115,281,95,281,83,281,66,282,39,281,26,281
241,270,247,269,255,269,263,269,271,269,283,269,288,270,288,281,282,280,271,280,263,280,255,280,246,280,241,281
162,269,169,269,175,269,184,269,193,269,198,269,205,269,205,282,198,282,193,282,183,282,176,282,168,282,161,282
24,286,40,286,58,286,73,286,89,286,109,286,124,286,124,299,109,299,90,299,73,299,58,299,40,299,25,299
165,286,204,286,204,300,165,300
240,286,247,286,258,285,263,286,271,287,282,286,289,286,289,299,282,299,271,299,263,299,258,298,247,299,240,298
29,303,113,303,113,317,29,317
241,303,286,303,286,317,241,317
161,304,168,304,175,304,184,304,191,304,198,304,205,304,205,317,198,317,192,317,183,317,176,317,169,317,162,317
27,321,40,321,57,321,72,321,83,321,100,321,113,321,113,334,100,334,84,334,72,334,57,334,40,334,27,334
162,322,168,322,175,322,184,321,191,321,198,321,205,321,205,334,198,334,192,334,183,334,175,334,169,334,162,335
239,323,247,323,255,322,263,322,271,321,282,322,288,322,288,333,282,333,271,332,263,333,255,333,247,334,238,334
25,337,38,338,50,339,58,339,70,339,81,339,94,338,94,349,81,350,70,350,58,350,49,350,39,349,25,348
241,338,286,338,286,352,241,352
163,339,170,339,176,339,186,339,193,339,198,339,205,339,205,352,198,352,193,352,186,352,178,352,170,352,163,352
27,355,40,356,50,356,59,356,71,356,88,356,94,356,93,367,88,367,71,367,59,367,49,367,40,366,27,366
161,357,168,356,175,356,184,355,191,356,199,356,206,357,204,369,198,369,192,369,183,368,176,369,169,369,162,369
240,356,247,356,253,356,262,356,270,356,279,355,288,355,287,367,277,368,270,369,261,369,254,369,247,369,240,369
26,373,33,373,40,373,46,372,53,372,61,373,68,373,68,386,61,386,53,385,47,385,40,386,33,386,26,386
173,373,204,373,204,387,173,387
248,373,286,373,286,387,248,387
29,390,123,390,123,404,29,404
163,390,170,390,176,390,187,391,192,391,198,391,205,391,205,404,198,404,194,404,185,404,177,403,170,403,163,403
239,391,246,391,254,390,262,391,270,391,278,390,288,390,288,402,278,403,269,404,262,404,254,403,245,404,238,404
29,406,123,406,123,420,29,420
162,410,168,409,175,408,184,408,193,409,198,409,204,409,204,420,198,420,193,420,183,419,176,419,169,420,163,421
240,408,247,408,254,408,262,408,270,408,279,408,288,409,287,422,277,421,270,421,262,421,253,421,246,421,240,420
30,425,40,425,51,425,59,425,69,425,82,425,89,425,89,437,82,437,69,437,59,437,51,437,40,437,30,437
164,426,170,426,176,426,184,426,191,425,198,425,204,425,204,436,198,436,192,436,183,437,177,437,170,437,164,437
243,425,288,425,288,439,243,439
28,441,35,441,43,442,52,442,62,441,71,441,78,441,78,454,71,454,63,454,52,455,42,455,34,454,27,454
173,441,204,441,204,455,173,455
247,443,254,443,262,443,267,443,275,443,282,443,289,443,289,455,282,455,275,455,267,455,262,455,254,455,247,455
27,460,36,460,48,460,59,460,71,460,82,460,93,460,93,471,83,471,71,471,59,471,48,471,36,471,27,471
163,459,170,459,176,460,187,460,192,460,199,460,206,460,204,472,198,472,194,472,185,472,177,472,170,472,163,472
243,460,288,460,288,474,243,474
28,475,35,476,43,476,54,477,64,476,71,476,78,476,78,489,71,489,64,489,56,490,42,489,34,488,27,488
173,476,205,476,205,490,173,490
250,476,286,476,286,490,250,490
29,493,95,493,95,507,29,507
164,493,170,494,176,495,186,495,193,494,198,494,204,493,204,504,199,505,193,505,186,506,177,506,170,505,164,504
240,494,247,494,255,494,263,494,272,494,282,494,289,494,289,507,282,507,271,507,263,507,255,507,247,507,240,507
27,512,43,511,58,510,69,510,85,510,102,510,114,510,115,523,102,523,85,523,69,523,58,523,43,524,27,525
163,510,170,511,176,511,187,511,193,511,198,511,205,511,205,524,198,524,193,524,185,524,177,524,170,523,163,523
243,511,288,511,288,525,243,525
30,526,98,529,97,543,30,541
163,529,170,529,177,528,187,528,193,528,198,528,205,528,205,541,198,541,193,541,185,541,177,541,170,541,163,542
241,528,247,529,255,529,263,529,272,529,282,529,289,529,289,542,282,542,271,542,263,542,255,542,246,542,239,541
28,546,41,546,49,545,66,546,74,547,88,547,99,547,99,559,88,559,74,559,65,558,49,557,41,558,28,558
164,547,171,546,176,546,185,546,192,546,199,546,206,547,207,559,200,559,194,559,184,558,177,558,169,559,162,560
237,546,288,546,288,560,237,560
30,561,117,563,117,577,30,576
166,563,205,563,205,577,166,577
243,564,288,564,288,578,243,578
28,581,42,580,55,582,65,580,77,581,93,580,104,579,105,591,94,591,77,593,64,592,55,594,40,592,27,593
170,581,177,581,184,580,187,581,194,581,199,581,206,581,207,594,200,594,195,594,188,594,181,593,177,594,171,594
243,583,289,583,289,597,243,597
29,597,81,597,81,611,29,611
171,601,177,600,183,599,187,600,194,600,200,600,206,601,206,612,200,611,195,611,188,611,182,610,177,611,171,612
247,601,254,601,263,601,269,601,278,601,284,601,291,601,290,613,283,613,278,614,268,614,264,614,254,614,247,614
27,615,61,615,61,629,27,629
166,616,205,616,205,630,166,630
242,618,249,618,256,618,265,619,273,619,284,619,291,619,290,632,283,632,272,632,265,632,257,631,248,631,241,630
26,634,37,635,47,635,64,636,72,635,84,634,97,631,97,641,84,644,71,645,65,646,46,645,37,644,26,644
166,634,205,634,205,648,166,648
243,636,289,636,289,650,243,650
29,653,71,653,71,664,29,664
163,654,170,653,176,652,185,653,193,652,200,652,207,652,207,665,200,665,193,665,184,665,177,665,170,666,163,667
242,654,248,654,256,654,265,654,273,654,284,655,291,655,290,668,283,667,273,667,264,667,257,667,248,667,241,667
27,668,64,668,64,682,27,682
166,669,205,669,205,683,166,683
244,671,289,671,289,685,244,685
26,688,33,688,48,689,58,689,71,691,81,688,92,686,92,696,81,698,72,701,57,699,48,699,32,698,25,698
173,688,205,688,205,702,173,702
251,689,289,689,289,703,251,703
27,707,67,707,67,718,27,718
166,706,205,706,205,720,166,720
244,707,289,707,289,721,244,721
167,722,205,722,205,736,167,736
30,725,69,725,69,735,30,735
244,725,289,725,289,739,244,739
26,741,99,739,99,753,26,755
172,742,177,742,185,742,187,742,194,742,199,742,206,742,207,752,200,752,194,752,188,752,183,751,177,752,172,752
248,743,255,743,264,743,272,743,278,743,284,743,291,742,290,755,283,755,279,756,271,756,263,756,256,756,249,756
24,757,35,758,46,759,60,758,78,758,86,758,100,757,100,768,86,769,78,769,60,769,47,770,34,769,23,768
166,759,205,759,205,773,166,773
244,760,289,760,289,774,244,774
25,773,36,773,52,775,70,773,90,773,107,773,123,774,123,786,108,785,89,785,71,785,52,787,35,785,24,785
171,778,177,777,183,777,188,776,194,778,199,778,205,779,206,790,200,789,195,789,187,788,182,787,177,788,171,789
242,777,249,778,256,778,265,778,273,778,284,778,291,778,290,791,283,791,272,791,264,791,257,790,248,790,241,790
30,794,81,794,81,804,30,804
168,794,175,794,183,792,186,793,194,794,199,794,206,795,207,807,200,806,192,806,189,806,182,805,176,806,169,807
250,795,289,795,289,809,250,809
139,811,156,811,156,822,139,822
230,812,288,812,288,826,230,826
58,825,139,830,138,842,58,837
272,833,288,833,288,844,272,844
42,847,52,847,74,846,84,846,101,846,119,847,132,847,132,858,118,858,100,857,84,857,75,857,53,858,42,858
227,847,235,848,249,847,261,849,268,848,278,849,289,849,287,860,276,861,267,860,260,861,249,859,236,860,227,859
58,867,79,867,114,867,157,868,185,868,205,869,233,870,233,885,205,884,184,883,157,883,114,882,79,882,58,882
