105,57,653,48,654,114,106,124
173,153,225,155,300,160,392,158,447,152,522,150,574,143,574,173,522,180,448,182,393,188,300,191,223,186,171,183
247,196,523,196,523,224,247,224
198,239,579,242,578,292,198,289
19,317,61,317,61,343,19,343
174,315,287,315,287,349,174,349
393,315,551,315,551,346,393,346
749,317,769,317,769,343,749,343
19,361,126,361,126,388,19,388
394,362,409,362,430,367,439,362,456,364,466,366,487,374,492,403,471,395,448,392,446,390,423,395,406,391,391,391
614,361,769,361,769,390,614,390
22,409,148,409,148,439,22,439
180,411,255,411,255,439,180,439
398,413,499,413,499,440,398,440
694,413,770,413,770,440,694,440
18,460,54,460,97,462,135,460,201,460,239,460,268,459,268,491,239,491,202,492,136,491,96,493,52,491,16,491
159,517,281,517,281,548,159,548
518,517,595,517,595,549,518,549
401,520,435,520,435,549,401,549
688,520,772,520,772,561,688,561
69,570,338,570,338,601,69,601
390,590,450,590,450,624,390,624
502,590,596,590,596,619,502,619
681,590,774,590,774,619,681,619
35,593,50,593,50,616,35,616
69,606,120,606,120,635,69,635
26,707,320,707,320,741,26,741
652,709,769,709,769,741,652,741
29,808,164,808,164,836,29,836
691,811,772,811,772,836,691,836
32,849,152,849,152,875,32,875
756,853,769,853,769,871,756,871
232,886,642,887,642,928,232,926
97,941,276,941,276,971,97,971
123,1009,263,1011,263,1035,123,1033
