283,306,306,309,343,311,380,313,405,313,432,312,463,310,462,328,430,330,406,332,379,332,342,329,305,327,281,325
212,331,240,333,285,337,362,339,436,339,484,339,513,338,513,355,484,356,436,356,361,355,285,353,239,350,211,347
279,362,301,363,331,364,374,365,397,364,426,364,451,363,451,378,426,379,397,379,374,379,331,378,300,377,278,376
281,421,301,421,327,423,362,423,386,422,415,421,442,420,442,437,414,439,385,439,363,440,327,440,301,439,281,438
170,456,186,456,203,456,228,456,245,456,260,456,276,455,277,472,261,473,245,474,228,474,203,474,187,474,170,474
421,461,437,459,457,458,476,457,496,457,516,458,535,459,535,473,516,472,496,471,476,471,457,472,437,473,421,475
452,518,530,518,530,538,452,538
312,521,321,523,332,524,342,525,352,526,365,523,374,523,376,535,367,536,353,539,342,538,331,537,321,536,312,534
165,527,190,527,190,544,165,544
172,556,206,555,236,554,301,552,340,550,398,549,432,548,432,568,398,569,341,570,302,572,236,574,207,575,173,576
466,580,476,580,485,580,501,580,508,580,520,580,530,580,529,599,519,599,509,599,499,599,487,599,477,599,467,599
312,585,321,584,328,584,337,582,345,582,353,583,362,583,365,600,356,600,346,600,337,600,330,601,319,601,310,602
160,592,170,592,170,607,160,607
468,616,524,616,524,637,468,637
151,631,173,628,191,629,223,623,248,621,269,623,291,623,290,643,268,643,248,641,225,644,193,649,174,649,152,651
218,671,246,670,287,670,337,666,383,667,414,665,445,665,446,682,415,683,383,684,337,684,288,687,246,688,219,689
