115,292,411,292,411,320,115,320
54,324,93,325,140,325,210,325,275,326,358,325,393,325,393,348,358,348,275,349,210,348,139,348,94,348,55,347
41,362,64,361,106,362,135,362,165,362,195,364,226,365,226,385,195,384,165,382,135,382,106,382,63,381,40,381
45,388,84,389,154,391,216,390,254,390,312,389,351,388,351,411,312,412,255,413,216,413,154,414,84,412,45,411
42,420,76,420,138,419,179,419,237,418,291,419,330,419,330,441,291,441,237,440,180,441,138,441,76,442,41,442
273,445,480,452,479,479,273,473
222,451,248,451,248,472,222,472
42,452,58,452,71,452,86,453,101,452,123,456,132,456,129,474,120,474,98,470,87,471,71,470,58,470,42,470
272,483,337,483,337,504,272,504
403,483,480,483,480,504,403,504
30,485,51,485,61,486,80,483,101,483,124,483,136,483,136,505,125,505,101,505,80,505,62,508,50,506,29,507
272,512,337,512,337,534,272,534
403,512,480,512,480,532,403,532
31,515,41,515,58,515,70,514,87,515,105,515,115,516,116,536,105,535,86,535,71,533,56,534,41,534,30,535
404,540,480,540,480,563,404,563
34,544,193,541,193,564,35,567
273,542,337,542,337,563,273,563
273,571,337,571,337,592,273,592
404,571,480,571,480,593,404,593
34,574,47,575,68,577,92,575,114,575,129,575,150,577,150,595,130,594,114,594,94,593,67,595,47,593,34,592
34,599,137,606,135,632,32,626
385,601,478,601,478,624,385,624
451,633,480,633,480,656,451,656
31,635,54,635,90,635,124,635,157,635,194,635,229,634,228,653,193,654,157,655,123,655,90,655,54,655,31,655
384,665,401,664,414,665,434,664,446,664,469,664,481,665,481,689,468,688,446,688,434,688,416,689,400,688,383,689
33,666,56,667,101,670,122,670,157,668,194,667,216,666,216,686,193,688,157,689,122,691,102,690,55,688,32,687
94,707,130,706,188,704,236,704,289,704,343,703,390,702,391,729,344,730,290,731,235,732,188,731,131,733,95,734
