118,54,285,53,286,70,118,71
95,80,303,80,303,98,95,98
89,138,318,137,318,160,89,161
216,167,390,165,390,184,217,186
7,166,86,171,85,191,6,186
150,168,186,166,187,182,151,184
107,169,130,169,130,187,107,187
1,196,332,189,332,210,1,216
245,217,291,217,291,236,245,236
1,223,95,223,95,239,1,239
336,243,402,243,402,260,336,260
243,245,288,245,288,263,243,263
138,246,145,246,150,246,156,246,161,245,167,246,174,246,175,260,168,260,162,259,156,260,150,259,144,260,137,260
2,249,64,249,64,266,2,266
10,278,40,278,114,278,181,277,257,277,329,275,358,275,359,291,329,291,258,294,182,293,114,294,40,295,10,295
242,302,251,302,258,303,266,302,275,301,283,301,292,300,295,318,285,319,275,319,268,320,258,321,251,320,241,320
3,302,96,304,95,322,2,320
345,327,404,327,404,344,345,344
245,329,290,329,290,345,245,345
0,330,8,330,23,330,35,330,46,332,57,333,67,336,67,350,56,347,46,346,34,344,23,344,9,344,2,344
143,332,149,331,152,330,157,331,164,331,170,332,176,333,174,344,168,344,162,342,157,343,152,342,146,343,139,343
4,356,37,357,114,358,187,359,254,359,350,357,383,356,383,374,350,375,255,377,187,377,114,376,37,375,4,374
-3,382,9,381,35,383,45,382,66,385,82,383,102,382,99,397,80,398,66,400,45,397,35,398,10,396,-2,397
246,383,293,383,293,399,246,399
-1,404,5,405,17,406,32,406,44,406,55,409,62,411,60,426,53,424,43,421,32,421,17,421,5,420,-1,420
245,410,291,410,291,426,245,426
348,410,405,410,405,425,348,425
1,432,31,433,73,435,114,437,178,436,214,437,243,437,243,454,214,454,178,454,114,454,72,452,31,451,1,449
0,456,98,465,96,485,0,476
248,462,294,462,294,479,248,479
0,483,64,490,62,508,0,501
140,489,175,489,175,502,140,502
246,489,293,489,293,505,246,505
351,490,408,490,408,507,351,507
1,516,396,520,396,540,1,536
0,544,88,544,88,562,0,562
249,546,296,546,296,562,249,562
139,573,172,573,172,588,139,588
0,573,55,573,55,589,0,589
244,574,253,572,266,571,270,571,280,572,290,574,299,577,297,595,287,592,280,590,272,589,264,589,254,590,245,592
350,574,359,574,369,575,385,574,394,574,405,575,413,575,412,592,403,592,394,591,382,591,372,592,358,591,350,592
0,612,53,612,53,627,0,627
110,613,133,613,133,628,110,628
0,637,74,637,74,654,0,654
348,635,418,637,417,657,348,655
0,669,8,669,23,672,32,670,47,670,58,672,67,674,65,686,56,685,46,683,34,682,23,685,6,681,-2,682
348,673,416,673,416,690,348,690
0,690,120,693,119,711,0,709
191,696,231,699,230,716,190,713
343,703,355,700,372,699,381,698,393,700,408,701,416,703,417,720,409,718,391,717,380,715,372,716,355,717,343,720
0,732,207,740,206,760,0,752
-1,765,19,764,46,764,75,763,107,766,144,766,165,768,164,787,143,785,106,784,75,781,45,782,18,782,-2,783
0,789,90,794,89,811,0,806
392,800,414,800,414,817,392,817
1,813,21,818,35,822,68,824,91,821,110,823,129,822,128,837,108,838,92,836,67,838,35,836,20,833,0,828
361,829,371,828,379,827,387,827,396,828,408,828,417,829,416,847,406,846,397,846,389,845,379,845,370,846,361,847
0,844,18,846,38,849,68,848,93,849,111,850,130,852,129,868,110,867,93,866,67,865,38,866,16,862,-1,861
0,870,189,879,188,899,0,890
357,884,413,884,413,901,357,901
15,906,409,921,408,941,14,926
153,940,167,940,191,942,205,942,228,942,249,942,268,941,268,951,250,952,227,952,206,952,190,952,166,950,152,950
