358,66,377,63,397,62,421,57,445,54,475,55,494,54,493,75,474,75,446,75,424,78,399,83,378,84,359,87
303,101,338,94,382,89,412,85,460,78,524,73,556,69,558,89,526,93,462,98,415,104,383,109,340,114,305,120
290,122,326,118,359,115,411,110,465,106,510,100,546,96,547,116,511,120,466,127,413,130,361,135,327,138,292,142
236,151,271,148,344,141,406,139,483,131,545,124,581,119,582,139,547,144,485,151,408,159,345,161,273,168,237,171
232,180,267,176,342,168,394,164,466,157,554,150,589,147,591,168,555,171,468,178,395,185,343,189,269,197,233,200
196,203,232,202,322,196,398,192,475,183,537,179,573,175,574,194,539,198,477,203,400,211,323,215,234,221,198,223
261,224,293,222,353,218,403,214,449,210,511,206,547,202,548,222,512,226,450,230,404,234,355,238,294,242,263,244
233,250,264,248,326,247,387,241,452,241,510,232,540,230,542,248,511,250,453,259,388,259,328,265,265,267,234,268
252,275,283,274,347,271,389,270,468,264,503,261,534,257,535,275,504,279,469,282,390,288,348,289,284,292,253,293
255,299,291,299,329,298,401,295,466,289,507,286,543,282,545,302,509,306,467,309,403,315,330,317,292,318,256,318
238,348,279,348,312,347,379,344,426,340,487,338,528,336,529,358,488,360,428,363,379,366,313,369,279,370,238,370
172,379,208,378,281,375,349,373,422,367,506,367,542,366,542,387,506,389,423,388,350,394,282,396,209,399,173,400
290,426,322,426,395,419,422,420,485,416,533,414,569,412,570,433,534,434,485,436,424,440,396,440,324,447,292,447
153,429,166,430,185,433,199,431,213,429,234,428,243,426,243,444,234,445,214,446,204,448,181,450,166,448,154,447
180,453,216,453,268,451,358,451,418,447,493,442,529,439,530,459,494,462,419,468,359,471,269,471,217,474,181,474
157,502,193,501,262,500,349,497,422,494,485,493,521,493,522,512,486,513,423,514,350,517,262,520,194,521,158,522
451,519,470,518,481,519,504,516,523,518,537,515,555,515,557,535,538,536,523,538,505,536,483,539,469,539,450,540
300,523,319,523,328,524,345,522,367,521,380,520,399,518,400,538,381,540,369,541,346,542,330,543,319,543,300,543
146,526,209,526,209,547,146,547
165,549,206,549,245,546,312,548,395,542,435,542,476,540,476,563,435,565,396,565,312,571,246,569,206,572,165,572
440,567,461,566,473,567,491,565,516,565,529,565,546,565,545,588,528,588,517,588,492,588,474,590,461,589,440,589
294,571,388,568,389,591,294,594
140,574,202,574,202,595,140,595
379,593,476,589,477,612,380,616
152,600,162,601,179,603,198,603,205,603,219,602,236,599,236,614,220,617,209,617,196,618,178,617,162,616,152,615
149,624,185,623,254,621,301,620,372,618,433,618,469,618,468,637,432,638,373,637,302,640,254,640,185,643,150,644
445,651,459,646,469,643,489,642,504,643,524,644,534,645,536,666,526,665,500,663,491,663,470,663,459,667,445,672
293,647,306,647,316,646,337,646,348,646,362,643,378,641,378,659,362,661,347,664,337,663,317,664,306,665,294,665
129,648,192,648,192,669,129,669
424,692,443,692,454,693,473,692,494,693,509,693,527,694,526,714,507,713,493,713,473,712,455,713,442,712,423,711
118,700,145,699,203,696,234,696,274,696,330,695,358,696,357,713,330,713,274,714,235,714,204,714,145,717,118,717
169,730,200,725,218,722,258,720,289,722,337,722,356,723,356,741,336,739,289,740,258,738,219,740,200,743,169,748
115,773,146,772,182,770,213,769,255,768,301,768,332,767,331,785,301,785,255,785,214,787,183,787,145,789,114,790
408,790,427,791,440,793,458,791,482,794,499,796,510,798,510,819,499,817,480,815,459,812,439,814,424,812,405,811
108,792,188,792,188,813,108,813
100,840,116,840,134,840,162,838,183,837,211,836,228,835,227,853,211,853,186,854,161,855,136,858,116,857,100,858
246,840,294,840,294,850,246,850
407,840,423,842,437,843,451,843,467,842,492,845,504,846,502,868,490,868,466,865,449,866,439,866,415,863,399,861
96,891,118,887,155,884,193,882,235,884,273,885,298,887,296,901,271,900,234,898,193,897,157,898,119,902,96,906
402,893,414,895,431,895,447,897,464,897,486,900,497,902,496,924,484,923,461,920,445,919,432,918,413,917,401,916
90,901,126,902,202,903,259,907,298,910,368,917,403,921,400,942,365,938,297,930,257,928,201,923,127,923,91,922
140,930,175,930,175,942,140,942
215,923,236,929,254,931,267,934,286,936,304,938,321,940,319,962,303,960,284,958,265,956,253,953,234,951,213,945
148,949,183,953,220,959,264,961,318,965,359,973,395,978,392,998,357,992,316,985,262,981,219,979,182,973,146,969
142,976,154,977,171,980,189,982,207,985,217,985,234,986,233,1004,217,1003,206,1002,184,998,168,997,152,994,139,993
138,999,173,1005,198,1010,237,1014,276,1019,326,1025,358,1028,354,1047,323,1044,274,1038,235,1033,195,1030,171,1024,135,1018
376,1003,409,1003,409,1026,376,1026
74,1063,114,1073,187,1088,254,1102,318,1109,384,1122,425,1127,421,1149,380,1144,315,1131,250,1125,183,1110,109,1095,69,1085
77,1100,113,1104,169,1111,251,1127,282,1132,346,1149,386,1158,383,1181,343,1172,277,1155,247,1150,165,1134,109,1127,73,1122
22,1141,57,1149,133,1165,173,1173,247,1189,296,1198,341,1207,336,1233,290,1224,241,1215,168,1199,127,1191,52,1175,17,1167
371,1217,384,1218,398,1220,409,1222,423,1224,426,1252,440,1255,451,1232,438,1228,417,1249,406,1247,392,1245,381,1244,367,1243
