190,313,314,311,314,325,190,327
338,334,345,334,353,335,362,334,372,335,379,334,385,334,385,347,378,347,372,347,362,347,353,347,345,347,339,347
252,334,296,334,296,354,252,354
59,358,114,362,113,377,58,374
142,361,176,361,176,373,142,373
65,383,88,382,106,381,132,381,166,380,190,379,213,378,213,391,190,393,167,394,132,394,106,395,88,395,64,397
344,380,389,380,389,393,344,393
59,405,71,404,96,404,106,403,131,403,142,404,160,406,159,419,142,417,131,416,106,416,96,417,71,417,58,418
220,406,249,406,249,418,220,418
339,406,390,406,390,419,339,419
64,429,82,429,99,429,119,428,139,428,151,428,169,428,169,441,152,441,139,441,119,441,99,442,83,442,65,442
342,429,390,429,390,443,342,443
54,455,86,455,150,455,206,455,285,458,328,455,361,454,361,472,328,473,285,476,206,474,150,473,86,474,54,474
140,486,166,485,192,485,225,483,261,484,297,483,323,483,323,498,297,498,261,499,225,498,193,499,165,500,139,501
142,509,160,509,199,510,235,510,262,509,291,509,314,507,314,520,291,521,262,521,236,523,199,523,159,522,142,521
105,560,365,560,365,584,105,584
