304,201,728,204,728,244,304,241
122,261,180,263,349,265,489,267,643,266,847,267,905,267,905,300,847,300,643,299,488,300,349,298,179,295,121,294
300,322,726,322,726,357,300,357
318,451,705,451,705,491,318,491
76,528,306,528,306,562,76,562
669,540,702,537,752,536,794,533,848,531,896,532,951,531,951,567,896,567,847,567,795,568,754,571,699,573,666,576
72,674,122,674,122,708,72,708
748,674,943,674,943,715,748,715
408,673,426,676,451,679,477,680,505,684,533,677,552,675,555,711,537,712,504,719,478,716,447,714,425,712,407,708
66,734,113,738,198,740,315,749,372,743,463,741,534,732,534,773,462,782,375,784,313,790,197,781,112,779,65,775
402,810,555,810,555,852,402,852
785,814,940,814,940,856,785,856
66,890,112,887,160,895,203,887,277,888,323,891,369,895,364,936,318,932,277,929,203,928,162,936,108,928,62,931
781,896,938,896,938,940,781,940
226,989,281,990,377,997,489,991,602,1001,675,996,738,997,739,1033,677,1032,600,1036,488,1027,378,1033,278,1025,223,1025
