254,105,429,105,429,128,254,128
228,137,457,134,458,158,229,160
47,160,188,160,188,196,47,196
252,163,286,165,318,166,337,166,371,166,400,165,429,164,431,185,401,186,370,188,336,188,318,187,285,187,251,185
274,194,410,194,410,217,274,217
187,246,363,246,363,267,187,267
380,271,502,271,502,293,380,293
45,273,319,273,319,294,45,294
43,298,62,299,74,298,86,300,106,299,119,300,137,300,137,319,118,319,106,318,87,319,73,318,60,318,41,317
359,299,503,299,503,319,359,319
436,350,504,348,505,369,436,371
48,349,139,351,138,373,48,371
243,350,319,352,319,374,242,372
360,353,380,353,380,369,360,369
48,376,480,376,480,399,48,399
435,402,505,402,505,420,435,420
45,403,64,403,85,402,109,402,134,403,164,403,183,404,183,424,164,423,133,422,109,421,85,421,64,422,45,423
253,405,320,405,320,423,253,423
50,452,279,452,279,475,50,475
436,455,506,455,506,473,436,473
51,478,237,478,237,500,51,500
493,480,506,480,506,496,493,496
48,504,76,505,105,505,132,507,151,507,185,505,206,505,207,523,186,524,152,525,132,525,105,523,77,524,49,522
439,506,508,506,508,525,439,525
61,530,151,530,151,552,61,552
437,533,446,533,459,532,476,532,488,533,500,533,509,533,507,550,498,550,488,550,475,549,458,549,446,550,437,550
50,555,184,555,184,578,50,578
498,562,506,562,506,575,498,575
137,582,420,582,420,605,137,605
124,659,154,659,208,659,272,658,317,660,382,661,421,664,420,686,382,684,316,683,272,680,208,681,154,681,124,681
64,689,99,688,208,687,274,687,361,687,428,689,463,690,463,711,427,710,361,707,273,707,208,707,100,708,64,709
105,739,447,739,447,762,105,762
66,769,101,768,186,767,262,767,341,767,428,768,463,769,463,788,428,788,341,786,262,786,187,786,101,788,66,788
