263,117,408,119,408,142,263,140
217,147,247,146,302,149,327,147,380,146,428,147,453,147,452,166,427,166,379,165,327,166,302,168,246,165,217,166
49,161,189,161,189,196,49,196
240,174,270,172,302,173,333,172,368,176,393,175,427,176,427,195,394,194,367,195,334,191,302,192,269,191,240,193
271,199,403,201,402,223,271,221
183,245,203,245,233,245,265,247,290,247,318,247,350,247,350,267,318,267,289,268,265,267,232,266,203,266,184,265
50,270,315,272,315,293,50,291
373,275,480,273,481,293,374,295
51,293,137,293,137,315,51,315
354,300,491,298,491,317,355,320
51,347,69,344,79,343,101,343,113,343,135,346,144,348,142,367,132,366,111,362,101,362,80,363,69,364,51,366
241,345,250,347,262,348,279,349,288,347,299,346,308,345,310,362,301,364,291,365,276,366,261,365,249,364,240,363
417,348,481,346,482,365,418,368
346,349,368,349,368,367,346,367
70,370,103,369,145,369,207,369,261,370,313,369,347,368,346,388,312,388,261,389,206,389,145,388,103,388,69,389
56,393,195,395,195,414,55,412
253,397,262,396,273,397,285,395,300,396,310,396,322,397,322,414,310,413,301,413,284,411,274,413,261,413,253,414
428,397,492,397,492,415,428,415
58,440,281,441,281,463,58,461
430,445,494,445,494,462,430,462
58,464,230,464,230,486,58,486
471,469,483,469,483,484,471,484
59,490,210,488,210,510,60,512
431,492,495,492,495,510,431,510
71,514,158,514,158,535,71,535
431,516,495,516,495,533,431,533
61,536,192,538,192,561,61,559
484,542,495,542,495,555,484,555
144,563,181,562,234,563,287,562,318,562,367,562,404,562,404,582,367,582,318,583,287,582,234,583,181,583,144,583
139,635,419,635,419,656,139,656
82,663,113,662,206,661,280,659,370,658,431,659,462,659,461,677,431,677,370,676,280,677,207,679,113,680,83,681
119,708,442,704,442,726,120,731
81,735,115,735,198,734,272,731,344,731,443,728,477,728,477,747,444,748,344,751,272,751,199,754,116,754,82,755
