168,205,201,210,258,219,315,224,341,225,399,226,440,225,441,256,400,257,340,256,313,255,254,250,196,241,162,235
169,281,197,283,243,287,310,290,376,292,442,290,471,289,471,306,443,307,376,309,310,306,242,304,195,300,167,298
180,313,217,316,245,317,309,321,371,321,407,319,444,316,445,337,408,340,371,341,308,342,244,337,215,336,179,334
166,358,192,361,245,366,287,367,333,367,399,364,430,363,431,386,400,387,334,390,287,390,244,389,191,384,165,381
139,407,167,409,244,411,274,413,340,413,387,411,416,409,417,425,388,427,340,429,274,430,244,428,166,425,138,423
335,435,425,430,426,449,336,454
174,433,292,437,291,454,173,450
432,476,440,473,449,473,455,471,464,472,474,472,486,473,481,488,470,487,465,487,458,486,447,488,440,489,432,491
197,477,206,476,221,477,229,476,242,477,253,477,263,478,263,491,253,490,242,490,229,489,221,490,207,489,197,490
360,480,367,478,373,476,381,475,389,476,394,476,401,478,400,492,392,490,387,490,382,489,374,490,367,492,360,494
154,498,179,497,196,496,224,496,260,496,279,497,300,498,300,514,278,514,260,512,224,513,196,513,178,514,153,515
432,503,480,501,481,518,432,520
353,505,401,505,401,522,353,522
148,518,155,516,163,515,168,514,174,514,181,515,188,516,187,529,180,528,174,528,167,528,163,528,156,529,149,531
421,537,475,537,475,553,421,553
142,539,189,542,188,559,141,556
142,584,321,587,321,609,142,607
401,585,477,585,477,606,401,606
316,631,333,632,361,633,398,635,421,634,446,634,475,631,474,650,446,652,421,653,399,654,360,652,332,651,315,649
316,660,326,660,338,660,347,660,362,661,370,662,379,663,379,677,369,676,361,675,346,674,339,674,326,674,316,674
427,663,435,662,443,661,454,662,462,662,468,662,477,662,478,678,469,678,463,678,452,678,444,676,435,678,427,678
317,679,327,679,337,679,350,679,360,680,373,680,380,681,380,694,373,693,360,693,350,692,337,692,325,692,315,692
203,754,225,756,258,760,293,762,328,764,356,768,384,771,382,786,354,783,326,780,292,778,257,775,224,772,203,770
155,774,443,804,441,826,152,796
244,806,254,806,269,809,292,809,302,811,319,811,336,813,334,831,317,829,301,829,289,826,269,827,252,824,242,823
