97,94,212,97,211,118,96,116
32,124,214,126,214,146,32,144
33,155,192,158,192,175,32,172
32,181,309,181,309,201,32,201
31,206,57,206,113,208,148,207,197,207,246,207,275,207,275,224,246,224,197,225,148,224,113,225,57,224,31,224
287,234,412,234,412,250,287,250
30,233,103,237,102,254,30,250
229,234,258,236,257,251,229,249
185,235,202,235,202,251,185,251
342,263,409,263,409,279,342,279
20,264,122,264,122,280,20,280
226,264,282,264,282,280,226,280
302,264,312,264,312,279,302,279
199,266,208,266,208,279,199,279
19,286,106,292,104,313,17,307
336,290,407,290,407,307,336,307
19,315,185,319,184,337,19,333
383,320,406,320,406,335,383,335
19,344,35,345,66,347,97,346,123,345,155,346,179,345,178,363,154,364,123,364,96,364,67,365,34,363,17,362
333,347,405,347,405,365,333,365
71,376,329,376,329,400,71,400
