129,73,187,75,187,81,129,78
70,85,184,85,184,95,70,95
14,94,54,95,53,105,14,103
36,106,97,108,97,118,36,116
41,119,86,121,86,130,41,128
36,130,47,130,47,139,36,139
58,132,97,132,97,140,58,140
67,142,156,144,156,155,67,153
58,153,179,155,179,166,57,164
83,176,168,176,168,187,83,187
203,190,244,190,244,199,203,199
40,210,95,210,95,220,40,220
13,211,36,211,36,221,13,221
193,213,243,213,243,222,193,222
13,224,62,222,62,231,13,233
194,224,243,224,243,233,194,233
62,233,85,233,85,243,62,243
13,233,35,235,34,244,12,242
187,236,244,236,244,244,187,244
39,245,55,245,55,252,39,252
60,245,90,245,90,253,60,253
12,247,29,247,29,253,12,253
203,247,244,247,244,256,203,256
12,257,72,257,72,265,12,265
12,268,95,268,95,278,12,278
187,268,244,268,244,276,187,276
62,279,182,279,182,288,62,288
203,290,244,290,244,299,203,299
186,314,242,314,242,325,186,325
12,317,56,317,56,326,12,326
10,330,83,328,83,338,10,341
10,341,122,339,123,351,10,353
201,352,243,352,243,363,201,363
12,355,41,355,41,364,12,364
12,367,90,367,90,378,12,378
207,367,243,367,243,376,207,376
202,379,241,379,241,390,202,390
14,380,80,380,80,391,14,391
14,392,70,394,70,404,14,402
14,405,86,405,86,414,14,414
14,417,145,417,145,427,14,427
202,417,241,417,241,426,202,426
16,429,64,429,64,440,16,440
186,429,241,429,241,438,186,438
16,452,97,452,97,461,16,461
211,452,241,452,241,461,211,461
14,464,108,464,108,473,14,473
14,487,98,487,98,498,14,498
186,499,241,499,241,508,186,508
14,500,76,500,76,508,14,508
16,511,76,511,76,521,16,521
193,511,241,511,241,519,193,519
113,523,124,523,124,544,113,544
202,522,241,522,241,531,202,531
16,523,76,523,76,533,16,533
202,534,241,534,241,544,202,544
16,535,71,535,71,544,16,544
16,546,71,546,71,556,16,556
207,546,241,546,241,556,207,556
16,558,71,558,71,568,16,568
207,558,241,558,241,567,207,567
213,569,241,569,241,579,213,579
14,571,66,571,66,580,14,580
117,583,124,583,124,602,117,602
222,581,241,581,241,589,222,589
14,583,21,583,21,591,14,591
25,583,66,583,66,591,25,591
21,594,66,594,66,603,21,603
14,606,55,606,55,615,14,615
117,606,124,606,124,614,117,614
117,618,124,618,124,625,117,625
16,618,55,618,55,627,16,627
16,630,55,630,55,639,16,639
14,642,22,641,29,642,39,640,50,642,63,641,71,642,69,659,61,658,52,658,40,657,29,658,22,658,14,659
184,641,242,641,242,658,184,658
16,660,136,660,136,669,16,669
194,660,236,660,236,668,194,668
15,672,87,670,87,681,16,683
191,670,240,670,240,680,191,680
13,684,94,682,94,701,13,703
190,684,241,684,241,699,190,699
16,714,51,714,51,723,16,723
16,726,55,726,55,735,16,735
15,738,87,736,87,746,16,748
15,750,125,747,125,757,16,760
16,761,44,761,44,770,16,770
60,770,240,770,240,781,60,781
