213,92,232,91,252,91,271,91,297,89,314,89,333,88,334,108,315,109,297,109,271,110,253,111,233,111,214,112
181,114,202,114,245,117,281,113,308,113,337,114,370,115,368,132,335,132,309,131,283,131,246,135,201,132,180,132
42,127,155,127,155,156,42,156
197,138,343,134,344,153,197,157
215,160,229,159,249,158,274,157,288,156,308,156,325,155,326,173,309,174,289,175,274,176,250,176,229,178,216,178
147,193,162,195,187,197,213,199,231,198,255,197,280,194,279,210,254,213,232,215,212,215,186,213,162,212,147,210
41,213,252,219,251,237,40,231
298,218,385,218,385,234,298,234
40,234,108,234,108,253,40,253
281,238,392,238,392,254,281,254
41,274,48,274,62,275,78,274,87,274,99,276,112,277,110,291,97,290,86,288,78,289,62,290,47,289,39,289
330,278,383,275,384,292,331,295
190,279,241,279,241,295,190,295
273,279,289,279,289,292,273,292
43,291,71,293,144,295,202,299,284,297,344,297,372,296,373,312,344,313,284,314,202,315,144,312,71,309,42,307
39,312,151,315,150,331,39,328
197,317,248,317,248,332,197,332
336,317,390,317,390,332,336,332
289,320,298,320,298,332,289,332
40,332,60,332,60,348,40,348
337,338,390,335,391,351,338,353
41,354,70,353,103,353,161,353,195,355,243,356,265,357,265,373,243,372,194,371,161,369,103,369,69,369,40,370
39,371,149,373,149,390,39,388
204,374,248,374,248,390,204,390
336,376,389,376,389,392,336,392
48,393,77,393,153,392,194,394,267,396,306,396,335,396,335,412,306,412,266,412,193,410,153,408,77,409,48,409
39,411,150,411,150,427,39,427
197,414,247,414,247,428,197,428
336,415,387,415,387,430,336,430
50,431,78,431,126,430,194,432,242,432,291,435,320,436,320,452,291,451,241,448,193,448,126,446,78,447,49,447
39,449,52,449,69,450,94,451,110,450,135,450,151,449,151,464,134,465,110,464,94,466,69,465,52,464,38,463
203,452,247,452,247,468,203,468
342,453,386,453,386,468,342,468
39,467,271,471,270,488,39,484
39,487,149,487,149,503,39,503
202,491,209,491,217,491,224,491,233,491,239,491,246,491,248,505,241,505,233,505,225,505,217,505,208,505,201,505
342,491,385,491,385,506,342,506
41,523,215,526,215,544,40,541
332,529,385,529,385,544,332,544
39,541,174,543,174,561,39,559
324,548,331,548,339,548,349,548,360,548,369,548,376,549,376,562,369,562,361,562,348,561,339,562,329,561,322,561
40,562,156,562,156,578,40,578
332,566,383,566,383,582,332,582
48,581,115,581,115,597,48,597
325,585,383,585,383,600,325,600
46,599,91,601,90,617,46,615
339,604,382,604,382,619,339,619
39,617,140,619,140,635,39,633
330,623,382,623,382,638,330,638
103,637,314,639,314,657,103,654
36,676,52,676,82,674,108,675,131,675,157,676,179,676,178,690,156,690,132,690,107,690,83,689,52,690,36,691
332,679,379,679,379,692,332,692
38,693,241,693,241,710,38,710
36,712,146,712,146,727,36,727
240,714,377,714,377,729,240,729
90,767,115,767,169,767,202,766,235,768,292,770,314,772,314,788,293,786,234,784,202,783,169,784,115,783,89,784
36,786,376,788,376,803,36,802
77,822,329,822,329,838,77,838
40,841,65,841,153,841,186,841,249,841,307,842,332,843,332,858,307,857,249,856,186,855,153,856,65,856,40,856
