178,80,348,77,348,96,178,99
204,104,321,104,321,122,204,122
31,119,144,119,144,150,31,150
179,126,348,126,348,146,179,146
208,152,315,152,315,168,208,168
140,191,269,191,269,209,140,209
26,212,52,212,93,213,127,213,178,214,212,214,241,214,241,231,212,230,178,230,127,230,92,230,52,229,26,228
289,214,378,211,378,228,289,230
273,235,387,233,388,249,274,252
31,234,99,234,99,251,31,251
323,276,379,274,379,291,324,293
32,276,43,276,51,276,68,275,79,276,95,278,103,280,101,295,94,293,77,291,68,290,52,291,42,291,31,292
179,275,187,277,197,277,210,279,218,277,227,276,234,273,235,289,228,291,220,292,209,295,196,293,187,292,179,291
265,277,283,277,283,293,265,293
31,298,61,298,119,297,144,298,195,298,243,297,272,297,272,313,242,314,195,314,144,314,119,314,60,315,31,315
31,318,142,318,142,335,31,335
190,319,241,319,241,335,190,335
331,319,386,319,386,335,331,335
35,338,62,339,121,338,193,339,260,338,321,340,347,340,347,355,320,355,260,353,193,354,121,354,62,354,35,354
31,360,143,360,143,377,31,377
190,360,242,360,242,377,190,377
332,361,386,361,386,377,332,377
32,399,209,399,209,417,32,417
331,403,386,403,386,418,331,418
32,420,168,419,168,438,32,439
366,426,375,426,375,438,366,438
32,440,152,440,152,459,32,459
331,445,386,445,386,460,331,460
39,463,110,463,110,479,39,479
332,465,385,465,385,481,332,481
31,482,135,482,135,501,31,501
377,489,384,489,384,500,377,500
99,503,315,503,315,523,99,523
86,566,112,566,168,567,203,566,236,568,293,569,319,571,319,588,293,586,236,585,202,583,168,584,112,583,86,584
42,590,69,589,152,589,202,589,276,589,344,590,371,591,371,606,344,606,276,604,202,604,152,604,69,605,42,605
73,629,335,629,335,648,73,648
29,652,375,652,375,669,29,669
