147,69,228,65,229,87,148,91
34,94,333,84,334,126,36,136
196,109,209,110,231,110,253,112,268,108,286,108,306,105,307,123,287,126,269,126,255,129,231,128,208,128,196,126
109,136,267,132,267,150,109,153
110,167,266,162,266,178,110,182
105,184,300,181,300,196,105,199
123,203,256,201,257,213,123,216
32,229,41,229,55,229,68,229,83,228,97,229,110,229,108,240,95,240,83,239,69,240,55,240,41,240,33,241
35,246,63,246,63,257,35,257
34,264,77,264,77,275,34,275
266,296,337,296,337,312,266,312
210,298,225,298,225,309,210,309
35,300,88,300,88,314,35,314
35,321,84,321,84,334,35,334
291,337,337,337,337,354,291,354
34,341,79,340,80,357,35,359
35,360,164,359,164,372,35,374
293,378,335,378,335,394,293,394
32,382,39,381,47,380,59,379,65,379,72,378,79,377,80,392,72,393,67,393,57,394,49,394,40,395,33,396
36,399,158,398,158,410,36,412
291,416,334,416,334,433,291,433
37,418,78,418,78,435,37,435
34,439,47,439,73,439,93,438,122,439,135,437,153,434,153,445,136,447,122,449,93,448,73,449,47,449,33,449
34,457,77,455,78,471,35,474
292,455,334,455,334,471,292,471
134,490,150,490,166,491,186,488,207,489,221,490,241,492,240,504,220,501,207,501,187,500,166,503,149,502,134,502
292,488,333,488,333,500,292,500
164,511,179,509,190,508,206,508,215,508,230,509,241,510,240,522,229,521,214,520,206,519,191,520,180,521,164,523
327,510,333,510,333,519,327,519
292,528,334,528,334,539,292,539
164,527,177,529,187,530,197,531,214,530,224,531,238,530,236,540,223,541,214,541,198,541,185,540,178,539,164,538
292,549,334,549,334,560,292,560
143,550,237,550,237,561,143,561
178,568,236,568,236,581,178,581
325,569,333,569,333,579,325,579
35,590,55,591,102,590,130,592,170,590,195,589,215,588,216,600,196,601,170,602,131,604,102,602,55,603,35,602
114,626,130,626,158,625,180,625,214,626,231,625,252,625,252,636,232,636,214,637,180,636,158,636,130,637,114,638
111,643,261,641,261,655,111,657
