190,96,229,99,260,99,298,100,328,96,367,94,405,89,406,111,368,116,330,118,298,122,260,120,229,120,190,118
203,126,230,126,259,125,291,125,331,121,361,121,396,118,396,138,362,141,332,141,293,144,258,145,230,146,204,145
39,145,167,145,167,179,39,179
205,152,223,151,275,152,306,150,344,149,366,148,397,146,398,166,368,168,345,169,307,170,276,172,223,171,205,172
236,177,250,177,281,176,295,176,320,175,342,174,365,174,366,193,344,194,321,195,295,196,281,196,250,197,236,197
164,225,310,223,310,243,164,245
332,251,348,247,367,246,380,243,404,244,417,243,433,243,433,260,417,260,404,261,380,260,368,263,350,264,333,268
41,249,280,249,280,270,41,270
312,273,330,271,353,271,378,269,398,269,427,266,445,266,444,282,426,283,399,285,379,285,353,287,331,288,313,289
38,275,55,275,65,274,77,275,93,275,106,275,119,275,119,292,106,292,94,292,77,292,64,292,54,292,38,293
374,316,436,313,437,334,375,336
211,321,221,322,230,322,247,322,255,322,267,320,276,318,275,336,266,338,259,339,244,340,230,340,220,340,211,339
308,320,328,320,328,337,308,337
39,324,57,322,67,322,84,321,97,321,116,323,127,324,125,343,115,342,96,340,83,340,68,341,58,341,39,343
43,344,77,345,134,345,190,345,239,344,303,342,337,340,338,360,303,361,240,363,190,365,134,364,77,364,42,364
383,365,446,362,447,381,384,384
225,369,283,369,283,385,225,385
43,371,172,371,172,389,43,389
67,393,98,393,138,393,201,392,268,391,324,390,355,389,356,406,325,407,268,409,202,410,138,411,99,411,67,410
385,412,444,412,444,429,385,429
226,415,284,415,284,433,226,433
328,415,340,415,340,430,328,430
45,418,174,418,174,436,45,436
386,435,446,435,446,452,386,452
46,443,69,443,69,459,46,459
49,487,250,482,251,504,49,509
388,483,449,483,449,501,388,501
379,508,439,506,439,522,380,525
49,511,205,508,205,529,49,533
49,536,186,531,187,552,49,557
385,530,394,530,405,530,415,531,427,531,442,530,451,530,451,547,442,547,427,548,416,548,404,547,393,547,384,547
389,554,449,554,449,571,389,571
59,559,140,559,140,579,59,579
50,583,169,579,170,601,51,604
442,582,450,582,450,593,442,593
125,603,160,602,209,602,253,601,302,599,330,599,365,598,365,619,330,620,302,619,254,621,209,623,161,623,127,623
117,676,143,674,190,673,248,671,285,672,351,674,378,676,378,696,351,694,285,692,248,691,191,693,144,694,118,696
65,704,97,702,170,700,248,698,313,697,390,697,421,697,421,714,389,714,313,715,248,716,171,718,97,720,66,721
113,747,145,746,193,745,241,744,306,744,346,742,377,741,377,760,345,761,306,763,241,762,193,764,146,765,114,766
85,775,116,774,193,770,241,769,306,768,402,767,434,767,433,785,402,785,306,786,241,787,193,788,117,792,86,793
