121,63,343,64,343,79,121,77
84,77,106,78,140,79,212,79,241,80,291,81,313,82,313,95,291,94,241,93,212,92,140,91,106,90,84,90
67,98,86,97,108,95,137,97,161,98,186,98,205,98,205,108,186,109,161,109,137,108,108,106,85,108,67,109
69,111,318,112,318,126,69,125
85,130,110,129,145,128,176,127,230,127,261,127,286,127,286,141,261,141,231,140,176,141,145,142,109,142,84,144
68,149,76,148,90,149,103,146,116,147,131,149,138,151,137,162,130,160,115,158,103,157,91,159,75,158,67,159
253,148,280,148,280,157,253,157
359,162,415,162,415,174,359,174
254,163,305,163,305,176,254,176
58,164,77,164,101,165,127,166,153,165,181,165,205,165,206,178,181,179,154,179,127,179,100,179,77,178,58,177
358,179,415,179,415,192,358,192
58,180,74,183,85,183,97,186,118,184,128,185,145,184,144,197,127,197,118,196,98,198,83,196,74,195,57,193
60,202,220,202,220,216,60,216
367,217,414,217,414,233,367,233
62,223,215,223,215,239,62,239
115,247,146,247,199,246,254,245,281,242,327,242,358,239,358,257,327,260,281,260,255,263,199,265,147,265,115,266
