239,48,340,32,343,52,242,68
220,84,244,80,288,73,327,67,358,61,408,54,432,50,434,68,410,72,361,78,330,84,291,91,247,98,223,102
126,124,153,121,154,135,127,137
215,147,447,120,450,149,219,177
426,163,445,161,458,159,479,156,498,155,514,151,533,148,533,165,515,168,499,172,482,173,459,176,447,178,428,180
336,171,345,172,359,171,372,170,384,170,401,165,410,163,413,181,404,183,388,188,372,189,359,189,347,190,337,190
275,181,311,177,313,194,276,198
236,183,258,183,258,200,236,200
147,219,176,217,247,211,316,205,387,198,453,189,482,185,484,201,455,205,388,215,318,222,248,228,178,234,149,236
140,197,156,193,165,193,178,190,190,190,206,191,216,192,218,207,207,206,188,205,179,205,167,208,156,208,140,212
492,216,502,215,510,215,520,212,531,212,542,210,551,210,552,228,543,229,533,230,523,231,513,234,500,233,491,234
367,227,376,227,383,228,390,225,401,224,410,223,419,221,421,239,412,240,403,241,394,243,384,246,376,245,366,245
264,237,298,234,299,250,266,253
137,275,363,262,364,281,138,293
496,281,506,280,514,282,525,278,535,278,547,277,557,276,557,295,547,296,537,298,527,298,517,301,503,300,493,301
371,291,421,285,424,305,374,311
266,296,300,296,300,311,266,311
137,330,169,330,232,329,305,327,352,326,429,323,461,322,462,341,430,342,353,344,305,345,232,347,170,349,138,349
499,349,510,349,518,351,529,348,538,347,552,347,562,347,559,366,549,366,541,366,530,367,520,370,507,368,497,368
373,355,424,351,426,370,375,374
268,356,301,356,301,372,268,372
164,389,196,390,250,389,332,391,393,387,469,386,501,385,502,403,470,404,393,405,332,409,250,407,197,408,165,408
361,416,372,417,384,418,396,418,409,417,420,417,430,417,428,437,418,437,409,437,398,438,382,438,371,437,361,436
269,419,303,419,303,434,269,434
490,418,502,417,514,417,531,418,544,417,557,417,569,416,569,439,557,440,545,440,533,440,512,440,501,440,489,441
138,450,476,456,475,476,137,471
227,483,238,483,238,496,227,496
270,484,304,484,304,499,270,499
377,486,388,486,393,487,403,486,412,486,424,486,435,486,432,507,421,507,413,507,403,507,395,509,384,507,373,506
496,489,507,490,521,491,533,491,548,492,562,492,573,492,571,513,560,513,548,513,535,512,517,512,505,511,494,510
129,515,139,517,152,516,165,520,177,520,187,518,200,514,199,532,185,536,178,538,164,538,148,534,138,535,129,534
243,526,264,526,264,543,243,543
130,537,146,542,159,545,168,547,187,547,205,551,214,551,211,569,202,569,185,565,169,565,154,563,144,560,128,555
493,563,503,567,526,568,536,572,555,569,569,572,580,571,577,591,567,592,553,590,534,592,524,588,501,587,491,584
133,569,253,580,251,600,131,588
322,587,365,591,363,611,320,607
494,600,504,603,526,603,537,607,557,607,572,608,583,607,581,629,569,630,556,629,536,629,524,625,502,625,491,622
180,614,218,618,273,624,376,635,428,641,499,648,537,652,534,674,497,670,427,662,373,657,271,646,216,640,178,636
278,661,299,663,324,667,343,667,363,671,390,673,410,678,408,696,388,692,361,689,342,685,320,685,296,681,275,679
188,673,507,714,504,737,185,695
