99,102,240,100,240,112,99,114
25,112,78,112,78,124,25,124
27,129,135,129,135,139,27,139
30,144,123,144,123,154,30,154
87,157,136,157,136,168,87,168
67,173,218,173,218,185,67,185
90,186,245,189,245,201,90,198
78,216,233,216,233,227,78,227
39,255,145,255,145,267,39,267
40,269,103,269,103,279,40,279
42,284,70,284,70,293,42,293
105,284,133,284,133,293,105,293
42,296,63,296,63,305,42,305
105,296,142,296,142,306,105,306
288,299,335,299,335,308,288,308
42,311,106,311,106,320,42,320
43,323,151,321,152,333,43,335
267,323,338,323,338,334,267,334
157,335,230,335,230,346,157,346
311,349,340,349,340,359,311,359
48,374,103,374,103,385,48,385
291,376,340,376,340,386,291,386
47,389,127,388,128,399,48,401
49,401,192,401,192,413,49,413
51,415,88,415,88,425,51,425
291,413,343,413,343,425,291,425
52,428,151,428,151,440,52,440
293,440,344,440,344,452,293,452
54,443,138,443,138,454,54,454
55,457,127,457,127,469,55,469
57,470,148,470,148,481,57,481
297,484,345,482,346,494,298,495
58,484,224,484,224,496,58,496
59,497,69,498,77,499,88,498,103,498,118,499,125,499,124,509,116,509,104,509,90,508,77,509,68,508,58,508
276,498,346,498,346,508,276,508
64,526,166,524,167,537,64,538
325,525,346,525,346,534,325,534
64,540,182,538,182,550,64,552
67,566,171,563,171,574,67,577
281,576,348,573,349,583,281,586
67,579,144,577,144,587,67,589
191,577,203,577,203,585,191,585
288,586,349,586,349,597,288,597
191,588,204,588,204,598,191,598
69,591,144,589,144,599,69,601
297,600,350,600,350,609,297,609
192,601,204,601,204,610,192,610
70,603,145,603,145,612,70,612
299,612,350,612,350,621,299,621
69,613,139,613,139,624,69,624
191,613,204,613,204,622,191,622
309,624,352,624,352,633,309,633
70,627,139,627,139,637,70,637
199,639,208,639,210,698,201,698
312,636,352,636,352,647,312,647
72,639,139,639,139,650,72,650
72,651,135,651,135,662,72,662
318,660,353,660,353,671,318,671
73,665,135,665,135,675,73,675
320,672,355,672,355,683,320,683
75,677,136,677,136,687,75,687
74,692,123,689,123,699,75,702
74,704,124,702,125,712,75,714
78,716,126,716,126,725,78,725
288,723,356,723,356,741,288,741
79,727,88,728,97,729,106,728,120,728,131,727,143,726,142,743,130,744,123,745,108,745,94,746,88,745,79,744
303,743,350,741,350,752,304,754
80,748,228,743,228,755,81,759
291,755,358,755,358,764,291,764
81,760,169,757,170,768,81,771
296,767,361,767,361,786,296,786
79,772,178,769,179,792,79,795
85,805,127,805,127,815,85,815
85,815,135,815,135,826,85,826
86,828,172,825,173,836,87,839
87,841,221,836,221,847,87,851
88,853,123,853,123,862,88,862
91,864,360,854,361,865,91,876
85,935,107,933,145,931,175,929,209,929,252,928,272,928,272,941,253,941,209,942,175,942,145,944,108,946,86,948
