412,128,443,132,484,134,532,137,557,135,601,135,631,133,630,161,600,163,558,162,532,165,483,161,443,160,412,156
338,172,374,171,449,172,534,168,595,171,653,173,700,175,698,203,651,201,594,198,535,196,449,200,375,198,338,200
95,183,305,196,301,250,91,237
354,210,394,209,466,210,515,208,581,208,642,208,688,208,686,237,640,237,582,237,515,237,466,239,393,238,353,239
422,244,621,244,621,274,422,274
291,310,546,310,546,340,291,340
86,339,126,341,205,345,284,345,345,345,422,343,475,341,475,371,422,373,346,376,283,375,204,375,125,371,85,369
570,345,750,345,750,377,570,377
80,375,107,376,125,376,144,377,173,376,191,377,213,378,211,407,190,406,174,405,145,406,122,405,105,405,78,404
540,379,748,379,748,411,540,411
198,419,456,379,465,432,207,472
75,451,103,445,120,442,154,440,172,444,201,448,216,453,213,483,197,478,167,474,152,471,122,472,105,475,77,481
361,452,376,450,399,451,418,449,436,452,463,450,478,451,478,480,463,479,439,481,415,478,400,480,373,479,357,481
647,454,746,454,746,486,647,486
538,456,568,456,568,480,538,480
92,474,150,477,257,482,402,485,526,485,607,487,665,487,664,519,606,519,525,517,401,517,256,514,149,509,91,507
79,511,288,517,287,551,78,545
364,520,475,520,475,553,364,553
628,527,741,527,741,559,628,559
84,586,137,588,199,586,247,591,295,592,371,595,418,597,417,628,370,626,293,623,247,622,198,617,136,619,83,616
621,596,636,598,663,598,680,600,699,598,726,598,741,597,742,626,727,627,699,627,680,629,664,627,636,627,620,625
79,620,109,622,166,626,213,627,261,628,324,628,354,628,354,656,323,656,259,655,213,655,166,653,108,650,77,648
718,634,735,634,735,660,718,660
83,659,302,662,302,695,83,692
623,668,737,668,737,701,623,701
98,695,226,699,224,732,97,727
621,705,735,705,735,737,621,737
75,733,102,734,138,736,170,737,205,735,247,740,274,740,274,764,246,764,203,759,170,761,138,759,102,758,75,757
638,741,735,741,735,771,638,771
202,767,242,769,334,769,412,774,474,773,534,776,587,777,586,807,533,806,474,803,412,804,332,800,241,799,201,798
77,829,346,841,344,875,76,863
478,848,726,848,726,878,478,878
75,867,481,879,480,912,74,900
709,887,726,887,726,913,709,913
69,905,97,905,143,905,172,905,206,907,252,908,286,910,283,940,249,939,206,938,172,936,142,935,98,935,71,935
461,913,729,919,728,953,460,947
180,1009,603,1026,601,1060,179,1043
86,1045,139,1046,278,1050,389,1053,528,1058,607,1060,660,1062,659,1093,606,1091,527,1089,388,1084,277,1081,138,1077,85,1076
161,1120,214,1122,293,1124,372,1127,498,1131,545,1130,598,1130,597,1160,544,1161,497,1161,371,1157,292,1154,213,1152,161,1150
60,1154,710,1169,709,1202,59,1188
