173,69,192,71,222,73,257,74,274,75,299,75,325,75,324,91,298,92,274,91,256,91,222,90,191,87,172,86
176,92,201,93,223,94,247,94,275,99,300,97,326,99,325,115,300,114,275,116,246,111,221,111,200,110,175,109
32,100,141,103,141,133,31,130
188,113,211,115,228,118,250,118,280,119,294,119,314,119,314,134,294,135,280,134,249,134,228,133,210,131,187,128
200,135,212,137,234,137,248,139,274,138,286,139,302,138,303,155,287,155,274,154,248,155,233,153,211,153,199,151
138,172,261,175,260,191,138,188
33,188,237,195,237,212,32,205
279,194,361,194,361,211,279,211
33,207,40,208,55,209,64,211,79,210,89,211,103,210,103,225,89,226,80,225,64,226,54,224,39,223,31,221
261,214,278,213,297,213,315,213,332,213,356,213,369,213,369,227,355,227,332,227,316,227,297,228,278,228,261,228
35,248,104,250,104,267,35,265
179,250,186,252,194,253,207,253,215,252,226,250,233,249,231,262,224,264,217,265,206,267,195,266,185,265,178,263
315,250,364,250,364,266,315,266
260,253,276,253,276,265,260,265
33,266,48,267,81,268,100,269,129,270,153,269,179,269,178,285,152,285,129,286,100,285,81,285,48,283,32,282
36,288,144,288,144,304,36,304
189,289,240,289,240,305,189,305
316,289,373,289,373,304,316,304
277,291,285,291,285,302,277,302
38,326,58,327,92,328,123,328,148,328,180,327,206,326,206,342,180,342,148,343,123,343,91,343,57,342,37,342
317,327,374,327,374,342,317,342
39,346,171,346,171,364,39,364
318,365,375,363,376,379,319,381
38,366,156,365,156,383,39,384
319,382,329,384,339,383,347,384,355,382,372,382,379,381,377,395,370,396,356,396,346,398,340,396,329,397,319,396
48,386,116,386,116,403,48,403
368,405,375,405,375,415,368,415
40,405,141,405,141,423,40,423
107,424,133,425,174,425,204,425,246,422,279,422,305,421,304,436,278,438,247,437,204,440,173,440,134,440,107,439
42,463,182,463,182,481,42,481
362,480,372,480,372,492,362,492
40,486,63,485,110,483,135,484,176,483,225,481,245,481,245,496,225,496,177,498,136,498,111,498,64,500,40,501
243,500,381,496,382,513,244,517
42,504,152,502,153,520,42,522
100,562,122,561,178,560,211,558,243,559,290,557,319,558,320,574,291,574,243,575,212,575,178,577,123,577,101,578
79,585,106,584,146,582,212,581,284,578,323,577,350,576,350,591,324,592,285,593,213,596,146,597,106,599,80,600
102,622,132,621,165,620,205,619,252,618,295,616,324,615,324,631,295,632,253,634,206,635,165,637,132,638,103,639
47,645,76,643,166,640,206,639,262,637,334,635,363,634,364,650,334,651,262,653,207,655,167,656,77,660,48,661
