291,201,334,201,427,199,512,199,568,198,634,194,690,192,690,225,634,227,568,231,513,231,428,232,334,234,291,234
122,254,178,254,387,254,488,253,645,249,788,246,844,244,845,277,789,279,646,282,488,286,388,286,178,287,122,286
296,308,704,301,705,333,297,340
303,423,350,425,412,428,501,427,556,424,617,420,678,415,678,451,617,456,556,459,502,462,413,463,350,461,303,459
646,502,686,498,731,494,773,492,823,488,872,488,923,485,924,514,873,517,823,517,775,521,733,523,684,527,645,531
78,491,302,491,302,529,78,529
726,619,913,614,914,655,727,659
404,625,421,627,446,630,468,630,494,633,524,627,542,626,545,660,527,661,493,667,470,664,444,664,419,661,401,659
76,631,127,634,125,665,74,662
67,692,114,692,202,691,282,692,357,697,420,690,480,687,479,723,418,726,359,733,283,727,199,727,114,728,67,727
808,744,915,741,917,782,809,785
415,749,523,744,525,783,417,788
72,817,413,813,413,853,72,857
759,866,778,869,818,870,838,873,862,868,903,866,922,862,921,900,902,904,864,906,839,911,818,908,778,908,759,904
414,875,433,875,446,879,463,874,487,873,507,873,526,874,526,912,506,911,488,911,467,912,447,917,430,913,411,912
70,879,119,879,119,916,70,916
757,943,776,945,816,944,840,947,860,943,898,941,917,937,918,974,899,978,862,980,841,983,816,981,777,982,758,980
70,962,115,956,158,959,200,950,274,950,320,953,357,955,353,995,315,993,275,990,201,990,160,998,112,995,67,1002
226,1067,278,1066,371,1070,484,1061,589,1067,664,1062,715,1062,717,1092,666,1092,588,1096,484,1091,373,1100,277,1095,225,1096
