79,101,120,100,120,116,79,117
29,124,62,125,125,127,163,127,215,127,291,125,320,125,320,144,292,144,215,145,163,146,124,146,62,144,30,143
20,156,175,159,175,176,19,173
20,182,296,181,296,200,20,201
34,213,65,210,101,206,137,206,196,207,232,206,262,205,263,223,232,223,196,224,137,224,103,224,64,228,33,231
275,229,397,231,396,249,274,248
19,232,93,236,92,253,18,249
174,234,192,234,192,250,174,250
218,234,246,234,246,249,218,249
331,260,396,260,396,276,331,276
216,262,271,262,271,278,216,278
11,263,149,263,149,282,11,282
331,284,396,284,396,302,331,302
216,286,271,286,271,303,216,303
7,284,31,286,50,289,65,289,84,287,101,287,121,285,121,303,101,305,85,305,65,307,49,307,30,304,6,302
292,288,300,288,300,300,292,300
330,310,396,309,397,326,331,327
11,316,26,316,44,317,63,315,87,316,110,314,122,313,122,327,110,328,87,329,63,329,45,331,24,329,9,330
216,312,271,311,272,327,216,329
291,313,301,313,301,326,291,326
10,335,98,339,97,360,9,355
314,337,396,337,396,354,314,354
373,364,396,364,396,380,373,380
11,364,177,365,177,384,10,382
11,392,27,392,59,394,91,394,118,393,148,393,168,392,168,410,148,411,118,411,90,412,61,412,26,410,10,410
315,392,397,392,397,410,315,410
67,422,322,419,323,444,67,448
