178,67,320,69,320,84,178,83
177,85,200,86,224,86,244,87,268,90,302,87,319,87,318,102,301,102,269,105,243,103,224,101,200,101,177,100
43,99,141,99,141,125,43,125
186,107,307,108,307,126,186,124
197,126,293,126,293,143,197,143
135,160,250,162,250,177,135,175
38,178,58,177,94,178,124,177,161,179,206,180,226,181,226,196,206,195,161,194,124,193,94,193,58,193,38,193
267,181,345,181,345,196,267,196
39,196,99,196,99,211,39,211
252,199,353,199,353,214,252,214
36,231,49,231,57,231,71,231,79,231,95,233,101,234,100,247,93,247,79,244,70,245,57,245,50,244,37,244
168,233,175,234,183,234,196,236,202,235,211,234,217,233,218,245,212,246,204,247,193,248,183,246,174,246,168,245
244,235,259,235,259,247,244,247
296,235,344,235,344,250,296,250
41,247,64,248,122,249,166,251,225,253,283,253,306,253,306,267,282,267,225,266,165,265,122,263,64,262,41,261
35,265,49,266,70,266,85,267,100,267,120,267,134,267,134,282,120,281,100,281,84,281,69,280,48,280,34,279
176,269,223,269,223,283,176,283
300,272,348,272,348,286,300,286
38,299,193,303,193,319,38,315
297,308,303,307,313,307,324,307,332,307,342,307,349,308,347,321,340,320,333,320,325,320,311,320,304,320,297,321
35,317,49,316,76,319,91,318,113,319,142,319,156,319,155,335,141,334,113,334,91,333,76,335,48,332,34,332
36,334,54,335,74,337,91,337,108,338,126,338,141,338,141,352,126,351,108,351,91,350,73,350,54,348,36,347
294,341,303,342,311,343,323,343,330,343,338,343,347,342,347,354,338,355,331,355,324,355,310,355,302,354,294,353
42,353,81,355,80,368,42,366
296,360,344,360,344,374,296,374
35,368,125,370,124,386,34,384
334,379,342,379,342,390,334,390
93,390,117,390,155,390,190,391,219,392,249,393,272,393,272,407,248,406,219,406,190,405,155,404,117,403,93,403
33,421,44,421,72,422,93,423,115,424,138,425,159,427,158,439,137,437,115,436,93,435,72,434,44,434,33,434
303,431,338,431,338,442,303,442
40,439,64,440,86,440,115,441,152,442,183,442,206,442,206,456,182,455,151,455,115,454,85,453,63,453,39,453
31,455,128,458,128,473,30,470
211,461,339,465,339,480,210,475
77,506,98,507,148,510,177,510,214,513,256,515,277,516,276,530,256,529,213,527,177,524,147,524,97,521,76,520
61,527,82,527,134,527,184,530,226,532,285,534,306,534,305,547,284,546,226,544,183,542,133,540,81,539,60,539
70,559,93,560,133,561,169,563,212,564,250,566,273,567,273,581,249,580,211,578,168,576,132,575,93,574,69,573
41,576,65,577,131,579,168,581,218,582,291,585,315,586,315,599,291,598,217,595,167,594,130,592,64,590,41,589
