290,519,444,514,445,532,291,537
270,547,463,542,464,560,270,565
171,576,198,576,198,590,171,590
265,608,478,604,478,631,265,635
192,644,223,642,285,641,349,639,421,641,504,637,535,638,535,656,504,656,421,660,349,657,286,660,223,661,192,662
198,668,229,668,282,668,348,666,422,668,478,663,510,662,510,680,478,682,423,686,348,684,282,686,230,686,198,687
406,690,415,692,420,693,428,691,436,690,448,691,457,691,454,709,444,709,438,708,431,709,420,711,412,709,403,708
174,694,192,693,212,694,221,693,238,695,261,695,271,695,271,715,260,714,239,714,221,712,212,713,193,712,175,713
494,718,559,716,560,735,494,737
408,718,451,718,451,736,408,736
259,720,280,720,280,736,259,736
310,720,342,720,342,736,310,736
177,721,241,721,241,737,177,737
169,754,178,755,192,756,205,758,217,757,226,755,235,752,237,770,228,773,218,775,205,776,190,774,178,773,169,772
283,758,304,758,304,774,283,774
499,777,564,777,564,795,499,795
170,777,186,779,199,780,209,781,227,780,246,783,255,784,253,802,243,801,227,798,211,799,196,798,186,797,170,795
500,811,564,811,564,828,500,828
171,811,180,813,196,813,205,814,218,813,231,813,244,813,242,830,229,830,217,830,206,831,196,830,181,830,171,829
173,834,193,834,215,834,235,835,253,835,272,834,292,833,292,850,272,851,253,852,235,852,215,851,193,851,172,851
500,835,564,835,564,852,500,852
358,836,393,836,393,852,358,852
201,867,233,868,313,867,367,868,430,868,524,864,556,864,556,882,525,883,431,886,367,886,312,886,233,886,201,886
319,892,334,892,358,893,374,893,392,892,412,892,430,892,431,904,413,905,392,905,375,906,357,906,334,905,319,905
241,906,265,907,310,907,375,908,427,908,465,907,489,907,489,920,465,920,427,921,375,921,309,920,265,920,241,919
