161,84,248,84,248,106,161,106
37,112,374,104,374,129,38,137
80,132,114,132,166,132,194,132,251,133,293,131,327,131,328,151,295,151,251,153,194,152,166,151,115,152,81,151
120,158,290,158,290,176,120,176
121,191,288,191,288,209,121,209
85,213,326,213,326,228,85,228
131,235,281,233,281,247,131,249
36,265,45,265,65,264,75,264,90,264,110,266,118,266,117,278,109,277,89,276,75,276,66,276,45,276,36,277
34,282,40,284,48,283,51,284,57,283,62,283,68,282,70,294,64,295,59,294,52,296,47,294,40,296,34,294
34,304,41,304,53,304,58,303,67,303,75,303,84,304,86,314,76,314,68,314,58,314,53,314,42,314,34,315
293,337,370,341,370,360,292,356
228,342,247,342,247,354,228,354
35,344,92,343,93,360,35,362
34,368,54,367,75,366,93,366,118,365,142,365,157,365,157,378,142,378,118,378,93,379,75,379,54,380,34,381
320,385,371,387,371,407,319,405
33,389,83,387,83,407,33,409
32,412,50,413,64,412,83,415,104,413,127,413,142,411,142,423,126,425,103,425,84,427,63,424,50,425,32,424
320,431,370,433,370,453,320,451
35,435,83,435,83,453,35,453
148,473,263,473,263,490,148,490
319,473,368,473,368,487,319,487
181,495,264,495,264,510,181,510
358,497,367,497,367,508,358,508
180,519,195,519,212,521,224,521,234,520,252,522,262,523,261,536,252,536,234,534,225,534,210,535,194,533,179,532
320,519,368,519,368,533,320,533
155,543,260,543,260,557,155,557
319,543,325,543,333,543,345,543,353,543,361,543,368,543,366,556,360,556,353,556,345,556,334,556,325,556,319,556
194,566,260,566,260,581,194,581
357,568,367,568,367,579,357,579
31,591,52,592,82,593,117,592,150,591,178,592,198,593,199,604,178,604,149,603,117,604,82,605,52,604,31,603
124,624,141,624,175,624,208,623,235,625,254,624,280,625,281,639,255,638,235,639,208,637,175,638,141,638,124,638
119,644,137,644,167,645,196,645,230,643,268,643,285,643,285,656,267,657,230,657,196,659,167,659,136,658,119,657
