292,121,454,121,454,145,292,145
244,150,275,150,337,153,364,151,422,150,461,150,502,150,502,176,460,177,423,177,363,177,336,179,275,176,244,176
54,176,209,176,209,216,54,216
267,180,297,181,334,183,371,183,407,183,436,182,470,179,472,202,438,204,406,206,372,206,333,205,297,204,267,203
300,214,448,214,448,236,300,236
204,265,385,265,385,288,204,288
46,296,81,295,144,294,199,293,246,292,296,292,335,293,335,314,296,314,247,314,199,315,145,315,81,317,47,318
414,292,536,292,536,315,414,315
393,320,547,320,547,342,393,342
51,322,62,322,81,322,96,323,116,322,131,322,147,320,147,342,131,343,117,343,97,345,80,343,61,344,50,343
461,376,471,376,484,376,501,374,516,372,529,374,540,375,534,395,523,394,518,392,504,394,483,396,471,396,461,396
263,374,275,376,285,377,306,377,316,376,330,374,341,372,340,395,329,397,321,398,302,399,286,399,274,398,262,396
52,383,71,380,83,379,108,378,121,377,145,381,155,382,153,402,143,401,120,398,107,398,85,399,71,401,53,404
382,377,406,377,406,396,382,396
56,403,431,403,431,428,56,428
475,430,548,430,548,451,475,451
280,433,352,433,352,454,280,454
406,433,419,433,419,451,406,451
56,435,212,435,212,456,56,456
57,462,454,458,454,479,57,483
478,484,550,484,550,505,478,505
281,488,352,488,352,508,281,508
57,490,214,488,214,510,57,512
476,540,486,539,499,539,516,539,529,538,543,538,553,537,552,557,541,557,530,557,518,558,498,558,486,559,475,559
59,540,308,540,308,564,59,564
60,568,251,568,251,593,60,593
524,568,539,568,539,584,524,584
478,593,550,593,550,612,478,612
60,597,227,595,227,619,60,621
478,620,552,620,552,641,478,641
73,624,171,624,171,648,73,648
539,649,552,649,552,665,539,665
62,651,206,651,206,675,62,675
156,678,196,677,254,675,310,675,349,674,405,673,444,673,444,696,405,697,349,697,311,698,253,698,197,700,157,701
140,757,175,757,232,758,301,757,349,758,430,757,464,758,465,781,430,780,349,781,301,781,233,781,176,781,141,780
82,791,117,790,207,789,303,786,406,785,465,786,501,786,501,806,466,806,407,805,303,806,207,809,118,810,83,811
137,840,177,840,236,838,291,840,362,838,421,836,460,834,460,857,421,858,362,860,292,862,236,861,177,863,138,862
84,872,119,871,210,869,282,868,373,866,489,865,525,864,525,884,489,885,373,886,282,888,210,890,120,891,84,892
