262,101,302,104,329,105,373,108,413,107,450,108,485,106,486,130,450,131,412,130,373,131,329,128,301,127,260,124
250,140,287,142,330,143,379,146,420,147,462,147,498,147,497,167,461,167,421,168,377,166,328,163,286,162,250,160
87,170,128,170,128,188,87,188
216,217,253,220,331,228,378,228,421,230,470,227,526,225,526,258,469,260,420,262,378,260,329,260,252,252,215,250
105,258,126,261,160,262,189,266,214,264,252,266,278,265,277,287,250,289,216,287,186,288,160,285,125,284,104,281
302,270,349,270,349,290,302,290
389,269,475,274,474,300,387,295
500,272,617,272,617,293,500,293
104,294,144,297,251,300,310,303,376,307,491,311,531,314,531,336,491,334,376,330,308,326,250,323,143,319,103,317
284,336,326,336,326,354,284,354
545,345,555,343,578,341,588,340,610,340,625,340,635,340,633,360,623,360,612,360,588,360,579,361,557,363,546,365
410,343,484,343,484,364,410,364
99,368,136,369,191,371,265,375,337,378,402,379,439,380,438,402,402,401,336,400,264,396,191,392,135,391,99,389
282,412,326,412,326,430,282,430
574,415,638,412,639,436,574,438
423,417,484,417,484,438,423,438
72,449,85,450,102,449,124,453,141,452,154,451,167,448,171,474,158,476,141,478,123,478,99,474,84,475,71,475
68,481,94,484,111,487,128,486,156,487,182,490,199,492,196,515,179,513,156,510,129,509,107,510,94,507,68,504
550,494,562,495,585,493,596,495,619,493,634,493,646,491,645,514,633,515,620,515,597,517,585,516,563,517,552,516
70,519,249,523,249,547,70,544
348,529,401,532,400,555,347,553
553,533,647,533,647,556,553,556
57,563,236,567,236,593,56,589
550,572,562,574,585,573,596,575,612,573,636,573,647,571,647,594,635,595,613,595,596,598,585,595,560,596,548,594
73,625,364,627,364,652,73,650
72,661,308,661,308,694,72,694
69,705,197,708,196,733,68,730
67,746,249,750,249,776,66,773
586,753,655,753,655,780,586,780
59,790,87,790,117,794,163,790,197,792,223,792,252,793,252,819,223,818,197,818,163,816,117,820,85,816,56,815
56,829,90,831,153,833,185,834,236,835,302,835,336,835,333,860,299,860,237,860,184,860,153,858,89,856,55,854
574,840,661,840,661,867,574,867
70,892,397,897,397,925,70,920
535,899,659,905,658,932,534,926
270,944,295,947,308,948,334,948,350,951,376,948,396,947,395,974,376,975,353,978,330,975,307,975,294,974,269,972
116,981,401,989,400,1019,115,1011
517,990,578,990,578,1009,517,1009
