142,52,171,54,214,57,258,58,311,59,350,57,394,55,393,81,349,83,310,84,259,83,212,82,171,79,142,77
49,85,141,93,139,115,47,107
167,93,177,92,191,91,214,91,224,94,240,94,257,99,256,118,239,113,223,112,214,110,192,110,174,111,165,112
287,96,466,96,466,117,287,117
68,114,104,117,161,119,246,125,317,124,426,124,462,123,462,144,426,145,317,145,245,146,160,140,103,138,67,135
204,151,240,151,240,168,204,168
305,155,364,155,364,173,305,173
419,154,429,154,441,154,454,154,463,154,472,153,483,152,481,172,471,173,464,173,455,173,439,173,429,173,418,173
33,176,70,177,127,177,202,181,244,184,313,187,349,190,349,211,313,208,243,205,200,202,126,198,69,198,33,197
204,212,240,212,240,228,204,228
424,214,483,211,483,231,424,233
303,215,314,214,324,214,338,213,349,214,359,213,370,213,369,233,359,233,350,234,339,233,324,234,312,234,302,234
57,239,93,241,172,242,231,245,320,247,408,244,444,244,444,265,408,265,320,268,230,266,172,263,92,262,56,260
426,272,436,272,444,272,457,271,468,270,478,270,488,269,487,287,478,288,470,288,458,288,445,290,435,289,426,289
204,276,212,276,213,275,222,275,229,274,236,275,244,276,242,291,234,290,229,289,220,290,216,289,208,290,200,290
310,275,369,275,369,293,310,293
45,305,81,306,161,307,262,309,312,307,394,305,431,303,432,324,395,326,312,327,262,329,161,328,81,327,45,325
323,334,372,334,372,352,323,352
34,334,49,334,80,334,94,335,116,337,144,337,159,338,158,359,143,358,116,358,93,356,81,355,48,355,33,355
431,359,491,359,491,377,431,377
319,361,328,361,336,363,343,362,352,361,364,360,373,359,373,377,364,378,354,379,346,380,335,381,326,380,317,379
37,367,120,367,120,388,37,388
204,366,212,367,220,366,223,367,230,365,235,367,243,367,246,381,238,381,230,379,226,382,218,381,211,382,203,381
36,403,419,390,420,412,37,425
430,419,440,419,452,417,464,419,476,416,488,417,497,416,494,434,485,435,477,435,464,437,453,435,440,438,431,437
322,424,373,420,374,439,323,443
205,427,243,427,243,444,205,444
42,469,78,467,160,462,235,459,313,456,393,454,429,452,430,473,394,474,314,477,236,480,161,483,80,488,44,489
449,480,498,480,498,499,449,499
320,486,330,485,338,485,347,485,358,484,367,484,377,483,378,502,367,503,358,503,350,504,339,505,328,505,318,506
203,491,241,489,242,505,204,508
39,534,75,533,147,528,224,526,323,519,403,517,439,516,440,536,404,537,324,539,225,546,148,548,76,553,40,554
438,542,448,541,459,541,472,539,484,539,498,539,508,539,505,559,495,559,485,559,473,559,460,560,449,560,438,562
313,549,323,549,332,549,348,547,359,545,369,546,379,546,380,566,370,566,360,565,349,567,335,569,321,568,311,568
202,558,242,553,244,571,204,575
153,563,163,563,163,576,153,576
35,601,70,599,146,594,198,590,265,587,318,583,358,581,360,603,320,606,266,610,199,613,148,616,71,622,36,624
445,605,507,603,508,623,446,625
313,615,324,615,334,614,347,614,361,611,370,611,380,609,382,629,371,631,361,632,352,633,335,634,323,635,313,636
201,625,241,620,243,638,203,643
54,673,94,670,154,665,213,660,307,653,357,649,397,645,399,667,359,671,308,676,214,683,156,687,96,692,56,696
446,674,457,673,467,673,482,672,494,670,504,669,515,668,516,688,505,690,496,691,486,692,468,694,456,694,445,694
314,686,325,685,341,684,351,683,362,682,374,679,385,677,384,698,373,701,364,703,355,704,342,705,326,706,315,707
201,695,242,693,244,711,202,714
148,700,161,700,161,718,148,718
65,746,105,743,169,738,247,731,361,721,417,716,457,712,460,735,420,738,363,743,249,753,171,761,107,766,67,769
449,746,461,745,471,745,486,743,499,741,511,742,523,741,523,764,511,764,500,763,487,765,476,767,461,767,449,768
319,759,387,752,390,776,322,782
202,775,211,771,215,767,221,769,233,765,238,785,248,785,251,767,242,768,230,783,227,786,217,785,208,789,199,793
445,821,456,823,474,821,486,823,502,818,516,816,527,813,529,834,518,838,504,840,488,844,477,842,456,844,445,843
167,826,196,823,198,843,170,846
47,841,58,840,66,836,75,836,89,832,100,830,110,827,114,847,103,850,92,852,81,856,73,856,63,860,52,861
445,867,457,868,478,867,489,867,505,864,518,862,530,860,532,882,520,885,510,886,491,890,479,889,458,890,446,889
49,879,59,874,76,870,94,864,114,865,122,863,136,861,142,882,127,883,113,886,94,885,80,891,66,894,56,899
449,905,460,906,479,903,491,904,506,901,520,899,530,896,532,917,522,920,509,922,493,925,482,924,462,927,451,927
71,914,124,914,124,940,71,940
264,927,275,928,285,926,291,927,303,925,308,944,318,942,322,922,312,924,304,946,294,947,287,946,274,948,264,948
457,945,470,943,485,941,497,940,511,938,524,936,537,935,537,960,524,961,512,963,503,964,486,966,473,968,460,969
61,952,84,948,101,945,126,943,142,940,163,937,180,933,181,959,164,962,146,965,130,968,103,970,89,973,66,977
65,997,169,980,174,1006,69,1023
324,1009,530,986,533,1012,327,1035
