261,505,285,507,318,508,358,510,397,509,427,510,451,509,450,523,426,524,397,522,358,524,317,522,285,521,261,519
211,526,243,526,294,527,338,527,367,528,426,528,455,530,454,547,426,546,367,545,338,544,293,544,243,544,211,543
206,550,335,552,334,570,205,568
205,570,431,573,431,590,205,588
202,593,227,593,260,593,299,592,340,593,377,593,405,593,405,608,377,608,340,608,299,607,261,608,226,608,202,608
199,616,208,615,221,615,234,615,243,615,256,618,263,619,264,633,257,632,241,629,234,629,221,629,208,629,198,629
366,617,390,617,390,630,366,630
438,617,508,617,508,630,438,630
192,637,277,637,277,653,192,653
361,639,408,639,408,655,361,655
455,640,511,640,511,657,455,657
191,658,276,658,276,674,191,674
362,661,408,661,408,676,362,676
455,661,511,661,511,678,455,678
189,681,299,681,299,697,189,697
371,681,408,681,408,697,371,697
464,683,511,683,511,699,464,699
188,699,262,706,260,725,186,717
451,706,509,706,509,722,451,722
188,724,327,728,326,747,187,743
490,730,511,730,511,746,490,746
183,751,201,751,228,753,250,752,270,752,294,754,319,755,318,771,294,770,270,768,251,769,228,770,200,768,182,767
449,755,511,755,511,771,449,771
230,777,451,779,451,804,230,802
