235,82,512,74,513,98,236,106
201,129,244,125,296,120,377,118,432,116,487,116,530,116,529,142,486,142,433,142,377,143,297,145,244,150,201,154
24,171,71,171,71,191,24,191
189,221,554,221,554,262,189,262
522,278,662,274,662,300,523,303
218,279,252,279,252,301,218,301
285,279,342,279,342,304,285,304
385,276,398,277,418,279,434,280,455,282,477,278,491,276,494,303,480,304,456,309,434,306,416,305,398,304,384,302
55,277,179,283,178,309,54,304
70,320,116,321,209,321,324,322,431,319,546,323,593,323,594,350,547,349,431,345,324,349,209,347,117,347,70,346
579,357,591,357,609,358,625,358,643,357,659,356,671,355,670,380,657,381,644,382,630,383,605,383,591,382,579,382
405,360,419,360,433,361,453,360,468,360,482,359,496,358,495,384,481,385,470,386,456,386,432,387,418,386,405,387
266,363,315,363,315,383,266,383
49,404,90,405,179,406,263,406,317,406,398,406,445,405,446,431,399,432,316,433,263,433,179,433,90,431,49,431
570,443,581,442,603,446,617,441,632,441,646,441,657,442,658,465,647,464,631,464,621,464,602,469,581,465,569,466
400,443,413,443,429,444,446,443,461,443,477,443,490,443,490,467,478,467,462,467,449,467,426,468,412,467,400,467
265,447,313,447,313,466,265,466
46,494,57,495,87,496,100,498,119,497,134,493,155,487,157,510,136,516,122,520,99,521,84,519,58,518,47,517
240,501,253,501,253,517,240,517
555,526,650,526,650,549,555,549
47,521,73,526,90,529,108,530,138,529,165,531,181,531,180,554,163,554,138,552,109,552,87,551,72,549,47,544
54,561,234,561,234,583,54,583
334,564,386,564,386,584,334,584
548,564,643,564,643,587,548,587
42,600,227,600,227,624,42,624
541,598,551,600,575,600,586,603,602,600,627,601,638,599,638,620,627,621,603,621,587,624,575,621,550,621,539,619
67,655,348,649,349,672,67,678
66,691,96,689,129,690,169,683,214,685,240,684,280,685,280,708,240,707,214,709,171,706,129,713,96,712,66,715
67,722,190,722,190,743,67,743
596,724,621,724,621,741,596,741
70,751,240,754,240,778,70,775
577,757,619,757,619,778,577,778
74,787,241,787,241,810,74,810
71,816,104,815,150,816,189,814,240,816,279,815,311,815,310,834,278,834,241,835,187,833,150,835,103,834,71,835
534,819,543,820,558,821,576,822,591,822,604,823,613,823,613,842,604,841,590,841,576,840,557,840,542,838,533,838
116,856,149,856,267,858,343,856,418,860,510,859,543,860,542,879,509,878,418,879,343,875,267,877,149,875,116,875
266,888,287,888,317,890,341,889,365,890,394,888,418,888,419,906,394,906,365,908,342,907,317,908,286,906,265,906
146,912,171,912,216,914,265,913,308,913,351,913,376,913,377,928,352,928,308,928,266,928,216,929,171,927,145,926
