131,53,255,53,255,68,131,68
151,73,160,73,175,73,193,73,213,73,223,73,237,73,238,85,223,85,212,85,193,85,175,85,160,85,151,85
24,75,110,79,109,104,23,100
131,87,255,87,255,102,131,102
155,105,161,105,180,106,193,106,208,105,220,107,232,107,231,119,220,118,208,117,193,118,179,118,162,117,155,117
99,131,111,131,131,132,149,132,164,133,182,133,199,133,198,145,181,144,163,144,148,144,130,144,111,143,99,143
22,142,39,143,70,143,96,145,125,147,157,147,180,148,180,161,157,160,125,159,94,158,69,155,39,156,22,155
213,151,276,151,276,161,213,161
24,158,75,160,74,172,24,170
200,163,281,163,281,175,200,175
23,190,28,189,38,189,49,188,58,190,71,191,76,192,75,202,70,201,58,200,47,198,39,199,28,199,23,200
134,194,174,194,174,206,134,206
195,195,209,195,209,204,195,204
235,196,242,194,248,193,256,193,264,194,270,194,276,195,276,205,270,204,264,204,255,203,248,203,242,204,235,205
24,203,174,209,173,222,24,216
26,217,38,218,51,218,66,220,77,220,95,220,109,220,109,232,94,233,76,232,66,232,51,230,37,230,25,229
140,224,180,224,180,235,140,235
244,224,281,224,281,235,244,235
24,233,47,234,100,236,138,237,192,237,228,237,250,237,250,249,227,249,193,249,138,249,100,249,46,246,24,246
24,248,107,251,106,263,24,261
136,253,178,253,178,264,136,264
238,255,281,255,281,265,238,265
24,263,173,268,172,282,23,276
25,278,107,281,106,293,25,290
140,282,178,282,178,293,140,293
242,282,281,282,281,293,242,293
29,291,51,293,100,295,150,297,191,295,223,296,246,295,245,308,223,308,191,307,150,310,100,307,51,305,29,304
24,309,33,308,47,308,64,309,77,308,94,310,106,311,107,323,95,322,76,320,65,321,46,320,33,320,24,321
140,313,178,313,178,323,140,323
236,313,281,313,281,323,236,323
24,323,172,327,172,340,24,336
26,338,107,340,106,352,25,350
140,342,178,342,178,352,140,352
241,342,279,342,279,352,241,352
24,350,47,352,100,354,136,355,191,354,226,354,249,353,248,366,226,367,191,367,136,368,100,367,46,365,24,363
25,368,106,368,106,380,25,380
140,371,178,371,178,382,140,382
236,371,279,371,279,382,236,382
26,382,172,386,172,398,25,394
25,397,106,397,106,409,25,409
140,400,177,400,177,411,140,411
241,400,279,400,279,411,241,411
28,411,47,412,100,413,136,413,185,413,224,412,243,412,243,423,224,423,185,423,136,424,100,423,47,422,28,422
25,426,106,426,106,438,25,438
140,429,177,429,177,440,140,440
239,429,279,429,279,440,239,440
25,439,259,441,259,455,25,453
27,455,77,455,77,467,27,467
27,470,177,471,177,482,27,481
233,472,278,472,278,482,233,482
235,485,276,485,276,496,235,496
35,496,57,496,95,497,136,496,184,498,231,499,253,500,253,513,230,512,183,511,136,509,95,510,57,509,35,509
27,513,105,513,105,524,27,524
140,513,177,513,177,524,140,524
239,514,277,512,278,524,240,525
27,525,200,527,200,539,27,537
27,540,106,540,106,551,27,551
145,542,177,542,177,551,145,551
246,542,276,542,276,553,246,553
27,554,259,554,259,566,27,566
25,568,99,568,99,579,25,579
139,568,177,568,177,579,139,579
239,569,276,569,276,580,239,580
26,580,241,582,241,596,25,594
25,597,103,597,103,608,25,608
145,597,175,597,175,608,145,608
246,599,278,599,278,609,246,609
24,611,253,611,253,623,24,623
24,626,105,626,105,637,24,637
139,626,175,626,175,635,139,635
239,626,278,626,278,637,239,637
25,640,229,640,229,650,25,650
24,655,103,655,103,666,24,666
139,655,175,655,175,664,139,664
239,655,278,655,278,666,239,666
25,681,39,680,62,680,84,680,107,680,136,680,153,681,153,693,135,692,107,692,84,692,62,692,39,692,25,693
233,684,278,684,278,695,233,695
24,695,122,695,122,707,24,707
223,698,272,698,272,709,223,709
25,710,110,710,110,722,25,722
233,713,278,713,278,724,233,724
30,724,79,724,79,736,30,736
223,727,278,727,278,738,223,738
22,737,32,738,46,738,57,738,71,737,87,739,99,740,98,752,86,751,71,749,58,750,45,750,32,750,22,749
233,742,278,742,278,753,233,753
68,751,91,752,121,753,144,753,171,753,200,753,226,753,226,767,200,767,171,767,144,767,121,767,91,766,68,765
24,782,33,782,51,782,73,782,91,782,110,783,127,783,126,795,109,795,91,794,73,794,51,794,33,794,24,794
180,785,278,785,278,796,180,796
22,797,36,797,66,797,91,797,121,797,147,797,169,796,169,808,146,809,121,809,90,809,66,809,36,809,21,809
259,800,272,800,272,809,259,809
22,812,104,814,103,826,22,824
172,814,278,814,278,825,172,825
64,851,229,853,229,867,64,864
22,865,275,868,275,880,22,877
53,893,239,893,239,904,53,904
22,907,268,904,269,916,22,919
