128,175,390,177,390,208,128,206
30,217,41,216,63,217,80,216,93,218,114,220,124,222,124,242,114,240,90,238,79,236,65,237,39,236,28,236
151,218,240,218,240,234,151,234
275,218,348,221,347,239,274,235
367,216,376,217,389,218,399,220,410,219,421,218,430,216,433,233,424,235,411,237,399,238,386,236,376,235,367,233
23,246,387,250,387,270,23,266
182,275,192,276,200,276,204,277,213,276,216,277,226,278,228,296,219,295,213,295,203,295,198,295,190,295,181,293
295,279,358,279,358,299,295,299
164,312,194,314,232,313,266,315,296,314,333,317,368,318,369,338,334,337,296,334,266,335,233,333,193,333,163,332
24,316,47,316,47,333,24,333
422,344,489,345,488,365,421,364
187,346,225,346,225,360,187,360
290,344,300,344,313,345,327,345,340,345,350,344,361,344,361,363,351,364,341,364,328,364,311,364,300,364,290,363
28,379,63,379,144,378,233,379,308,379,369,379,403,379,403,399,369,399,308,399,233,399,143,398,63,398,28,398
421,408,488,408,488,427,421,427
293,408,302,409,315,410,328,409,340,408,352,408,361,408,361,426,352,427,341,427,331,428,312,429,302,428,293,427
188,411,225,411,225,425,188,425
20,444,100,451,98,473,18,466
169,454,181,454,181,469,169,469
21,473,119,479,118,500,19,495
424,474,433,475,443,474,459,475,471,475,482,474,490,473,491,491,482,491,471,493,458,493,444,492,432,492,423,492
22,501,165,503,165,522,22,521
423,507,432,506,443,505,460,505,471,506,481,505,490,506,492,523,483,523,470,523,459,522,444,523,433,524,424,525
251,506,294,506,294,524,251,524
61,542,93,543,170,544,255,545,330,547,407,543,440,543,440,561,408,562,330,566,255,563,170,563,93,562,60,561
198,575,216,575,243,576,265,575,284,576,309,575,330,575,330,591,309,591,284,592,266,591,242,592,215,591,197,591
94,593,122,593,122,603,94,603
127,596,148,596,148,603,127,603
180,597,216,597,216,603,180,603
221,598,232,598,232,603,221,603
149,600,163,600,163,603,149,603
