321,12,417,15,416,30,321,27
199,27,237,27,237,43,199,43
298,32,307,33,318,34,330,35,338,35,350,35,359,35,356,52,348,52,337,52,331,52,314,50,305,50,297,49
405,40,413,41,423,42,434,42,443,43,453,43,462,44,458,61,449,60,442,60,434,59,420,58,412,58,403,57
23,46,348,67,346,88,22,66
151,87,160,87,160,99,151,99
208,91,234,91,234,106,208,106
303,96,360,96,360,115,303,115
413,100,463,100,463,118,413,118
21,113,402,130,401,153,20,136
205,154,243,154,243,170,205,170
306,155,316,155,327,156,339,156,349,156,360,156,370,156,370,174,360,174,350,174,341,174,324,174,315,174,306,173
420,158,471,158,471,176,420,176
14,187,53,187,133,187,204,187,276,189,341,187,380,187,380,209,342,209,276,211,203,209,133,209,53,209,15,209
425,217,478,217,478,235,425,235
313,220,372,218,373,238,314,239
207,221,246,221,246,237,207,237
27,262,406,250,407,273,28,286
431,281,440,280,451,278,458,278,470,277,480,277,489,277,487,294,478,295,471,294,462,295,448,295,441,297,432,298
315,285,325,283,337,283,349,282,361,282,371,281,382,281,382,301,372,301,363,302,351,302,336,303,326,303,315,305
210,291,252,288,253,305,211,309
25,343,439,310,441,336,27,369
436,344,447,343,458,342,467,341,479,339,488,338,500,337,502,359,491,360,481,361,473,362,456,364,448,364,437,365
319,356,329,355,343,353,354,353,366,351,377,350,387,347,389,368,378,370,368,371,359,373,340,374,332,375,322,376
211,366,253,363,254,381,212,385
36,431,476,375,480,402,39,457
447,410,504,407,505,432,448,435
322,433,333,431,346,428,359,426,370,425,382,422,393,420,396,442,385,444,374,446,366,447,345,450,336,452,325,454
213,449,256,442,259,461,216,468
441,492,451,492,460,488,474,488,490,484,501,480,510,477,515,495,506,499,496,502,478,507,464,507,453,510,444,511
442,530,452,528,463,524,480,522,486,519,503,516,512,512,517,530,508,534,492,537,482,541,468,543,456,547,447,549
42,538,104,519,112,545,50,564
452,566,461,563,474,560,483,558,493,556,504,553,513,550,518,569,509,571,499,574,491,576,474,579,466,582,456,585
276,566,287,563,293,560,300,560,310,557,317,556,329,554,335,577,323,579,312,580,308,582,295,584,290,586,279,590
67,566,145,557,148,583,70,592
59,609,187,581,193,607,64,634
223,678,261,669,304,655,371,641,414,623,462,608,497,592,503,613,468,629,421,644,378,662,309,676,267,690,229,699
62,658,183,631,189,658,68,685
