330,551,348,551,375,551,413,551,431,552,456,551,480,552,480,566,456,566,430,567,413,566,375,566,348,566,331,566
268,572,296,572,367,572,414,572,459,573,520,574,547,574,547,589,519,588,459,588,414,587,368,587,295,587,268,587
331,593,351,593,375,593,411,593,430,593,464,594,482,594,482,607,464,607,430,606,411,606,375,606,351,606,331,606
339,640,476,640,476,656,339,656
257,671,337,667,338,683,257,687
462,670,560,670,560,686,462,686
371,722,379,723,389,723,397,723,408,725,416,723,424,722,427,737,419,737,408,740,398,738,387,738,378,737,370,737
491,723,560,723,560,739,491,739
257,728,276,728,276,740,257,740
254,748,285,748,320,748,338,748,379,746,404,747,435,747,434,764,402,764,379,763,338,765,321,766,286,765,255,766
372,774,380,774,388,774,399,774,408,774,415,774,423,774,424,788,416,788,408,788,398,788,387,788,380,788,372,788
512,775,520,774,526,775,539,774,547,775,557,776,565,778,564,793,557,792,547,791,537,789,528,790,518,790,510,791
251,805,268,804,285,804,309,802,327,802,345,805,361,807,359,824,343,822,326,819,309,819,286,822,268,821,252,822
513,806,563,806,563,822,513,822
309,841,334,841,364,843,404,842,445,845,476,846,504,849,504,865,477,863,444,861,403,858,364,859,333,857,309,857
