271,114,423,114,423,136,271,136
249,140,444,142,444,165,249,163
60,159,199,159,199,196,60,196
258,167,291,168,308,168,341,169,373,169,398,169,427,169,428,190,400,190,372,190,341,190,308,189,290,189,258,188
277,196,408,196,408,217,277,217
190,244,349,244,349,265,190,265
374,270,481,268,482,288,375,290
54,270,318,270,318,291,54,291
51,297,69,296,80,295,93,296,111,296,124,296,138,296,138,314,125,314,111,314,94,314,78,313,68,314,51,315
354,295,490,292,491,313,354,315
415,343,480,341,481,362,416,365
237,346,246,347,256,348,275,349,284,348,297,346,306,344,306,361,297,363,287,365,272,365,258,365,244,364,236,363
52,346,141,346,141,367,52,367
342,346,363,346,363,364,342,364
51,370,261,370,261,391,51,391
421,394,488,394,488,414,421,414
360,396,372,396,372,412,360,412
49,397,189,397,189,417,49,417
247,397,310,397,310,414,247,414
49,444,271,444,271,466,49,466
418,445,426,444,438,445,449,444,465,445,477,444,486,444,486,461,477,460,466,461,449,460,438,461,425,460,417,461
49,469,219,469,219,492,49,492
459,469,472,469,472,485,459,485
47,495,196,493,196,516,48,518
415,494,423,494,435,494,449,493,458,494,474,494,483,494,483,511,474,510,458,510,449,509,434,511,423,510,414,510
408,518,480,518,480,536,408,536
57,521,145,521,145,542,57,542
427,543,480,543,480,560,427,560
46,545,175,545,175,567,46,567
124,571,153,570,214,569,267,567,300,568,369,567,399,568,398,587,369,586,301,587,268,586,214,588,154,589,125,590
312,618,480,617,480,637,312,638
43,620,222,620,222,642,43,642
36,648,64,647,118,646,180,646,213,645,255,642,292,639,292,660,255,662,214,666,181,666,118,667,64,668,36,668
456,644,468,644,468,660,456,660
298,669,480,669,480,689,298,689
37,672,178,670,178,693,37,695
106,746,394,746,394,770,106,770
42,778,79,777,173,776,248,774,344,772,396,772,433,772,433,793,396,793,344,793,248,795,173,797,79,798,42,799
80,828,415,823,416,846,81,851
25,857,466,851,467,872,25,879
