204,91,449,91,449,115,204,115
175,136,210,134,256,132,333,132,377,131,426,130,461,129,460,149,425,150,378,151,333,151,257,152,210,154,175,156
6,161,49,161,49,182,6,182
155,216,497,216,497,251,155,251
344,266,374,266,420,265,480,264,512,263,581,263,606,262,606,286,580,286,512,287,480,287,422,288,373,289,343,289
22,263,47,263,62,265,85,264,102,265,131,268,147,271,144,294,128,291,100,288,86,287,61,288,47,286,22,286
182,265,216,265,216,289,182,289
246,265,299,265,299,286,246,286
15,304,577,301,577,328,16,331
387,344,457,341,458,367,389,370
12,344,161,344,161,371,12,371
544,380,630,380,630,404,544,404
144,382,174,382,174,404,144,404
225,382,273,382,273,401,225,401
11,384,112,384,112,408,11,408
385,384,456,384,456,409,385,409
574,396,584,396,584,406,574,406
13,427,60,429,199,426,257,431,360,430,494,429,541,428,541,455,494,455,361,457,256,457,199,453,60,456,13,453
541,466,555,466,572,466,591,466,606,465,622,465,636,464,636,491,622,491,607,491,593,492,569,492,554,492,540,492
371,468,457,468,457,496,371,496
222,470,273,470,273,491,222,491
-6,517,16,524,32,527,47,529,66,527,83,525,101,521,104,546,86,550,68,552,47,554,30,552,18,549,-4,543
179,531,211,531,211,553,179,553
555,561,643,561,643,588,555,588
-1,560,17,562,46,568,66,566,99,566,113,568,138,571,139,598,114,595,96,593,69,593,45,595,17,589,-1,588
-1,615,16,619,31,622,47,624,70,622,97,623,110,622,107,647,95,648,72,647,50,649,28,647,15,644,-2,640
556,619,643,616,643,645,557,647
0,660,187,660,187,688,0,688
556,664,644,661,645,689,557,692
308,664,368,664,368,689,308,689
63,723,115,723,231,722,298,723,419,725,529,719,580,718,581,748,530,749,420,755,298,753,231,752,114,753,63,753
227,773,257,773,294,775,324,773,354,772,390,771,420,770,421,797,391,798,354,800,326,800,293,803,256,801,226,801
76,809,553,809,553,840,76,840
