148,83,227,83,227,102,148,102
49,103,85,105,133,105,170,106,245,103,276,104,312,104,311,124,275,125,245,124,171,127,133,126,84,125,48,124
76,125,108,126,153,125,179,126,231,125,264,125,296,125,296,143,265,144,231,143,179,145,153,143,108,144,77,143
111,147,265,147,265,166,111,166
113,179,265,179,265,195,113,195
113,199,295,199,295,214,113,214
122,218,258,218,258,231,122,231
38,243,112,244,112,258,37,257
36,261,43,262,47,261,52,262,56,261,60,261,67,260,71,273,64,274,59,274,52,275,49,274,42,275,35,274
37,283,43,282,54,282,58,281,66,282,75,281,81,281,81,293,75,293,66,293,59,293,54,293,44,293,37,295
266,319,277,319,287,319,300,318,317,318,325,318,336,319,335,331,324,330,317,330,300,330,287,331,277,331,266,331
37,320,43,320,53,320,63,321,75,321,82,320,91,319,91,329,82,330,75,330,63,330,53,330,43,329,36,329
37,339,50,340,58,340,74,340,83,340,99,340,107,339,106,350,98,351,83,351,75,351,58,351,49,351,36,350
39,358,83,358,83,377,39,377
293,358,338,358,338,377,293,377
39,381,87,381,87,394,39,394
295,400,339,400,339,416,295,416
39,401,82,401,82,416,39,416
140,437,154,436,170,437,192,435,211,435,234,437,245,438,244,451,233,450,211,447,192,448,171,450,154,449,140,449
296,436,339,436,339,448,296,448
171,455,247,455,247,469,171,469
330,457,338,457,338,467,330,467
172,478,245,478,245,493,172,493
297,479,339,479,339,491,297,491
147,499,243,499,243,513,147,513
297,500,341,500,341,513,297,513
183,522,242,522,242,534,183,534
331,522,340,522,340,533,331,533
38,545,57,545,90,546,136,546,177,544,208,544,227,543,227,554,208,555,177,555,136,558,90,557,57,556,38,556
119,575,136,575,161,575,195,575,222,576,239,575,260,575,261,587,240,587,221,588,195,587,161,587,135,587,119,587
117,592,132,593,160,594,186,595,218,592,251,592,269,591,269,605,251,606,218,606,187,609,159,607,132,607,117,606
