479,43,731,49,730,94,478,88
454,102,491,100,527,98,580,99,639,99,696,105,726,108,726,140,696,138,637,131,580,132,528,131,483,132,446,134
382,113,412,119,478,143,522,141,587,149,644,145,695,142,695,175,644,177,587,181,521,174,472,175,403,151,373,144
377,163,454,173,450,206,373,196
48,205,285,205,285,257,48,257
451,252,481,255,506,258,535,259,551,258,576,261,601,262,598,289,573,289,551,286,532,287,504,286,482,283,452,280
429,286,531,299,527,331,425,319
626,299,815,306,813,337,625,330
283,323,409,323,409,354,283,354
593,339,812,342,812,371,592,367
46,364,426,360,426,394,46,398
48,402,194,405,193,438,47,435
466,417,522,411,526,443,470,449
589,418,624,418,624,445,589,445
705,418,808,418,808,447,705,447
469,455,733,457,732,487,469,485
374,478,428,478,428,509,374,509
52,482,199,482,199,517,52,517
463,496,517,496,517,523,463,523
694,498,796,498,796,525,694,525
50,525,100,524,187,521,260,523,310,521,382,519,439,515,439,547,382,551,311,553,261,555,187,553,100,556,50,557
725,539,789,539,789,562,725,562
389,562,440,562,440,589,389,589
55,568,288,565,289,596,56,600
457,571,593,574,593,605,457,602
60,610,100,610,100,637,60,637
451,613,463,611,470,609,477,610,494,610,491,613,508,616,522,636,505,633,491,634,481,634,467,633,458,634,446,636
680,612,781,612,781,637,680,637
59,648,105,646,175,645,258,641,311,638,363,636,415,632,414,661,362,665,313,667,259,671,176,674,106,675,60,677
721,649,771,649,771,668,721,668
403,676,444,676,444,700,403,700
65,682,90,683,143,680,178,681,210,678,259,678,289,675,291,703,261,706,210,706,179,709,145,708,90,711,65,710
661,715,674,715,692,715,716,716,731,716,747,716,759,716,758,739,746,739,731,739,716,739,691,738,671,738,658,738
73,719,108,719,108,742,73,742
690,750,752,750,752,771,690,771
78,782,416,773,417,804,79,814
651,781,748,781,748,806,651,806
75,818,106,817,169,817,215,814,261,810,325,810,356,809,357,837,326,838,262,838,216,842,170,845,106,845,75,846
647,814,744,814,744,839,647,839
80,849,123,850,163,849,201,848,234,847,265,846,308,844,309,869,266,871,236,872,203,873,164,874,123,875,80,874
659,849,742,849,742,874,659,874
459,876,613,879,612,905,459,903
100,882,228,882,228,911,100,911
397,888,449,888,449,919,397,919
80,919,107,918,138,916,171,916,206,912,245,914,273,913,275,938,247,939,206,938,172,942,139,941,108,944,80,945
203,950,231,947,291,942,334,942,370,943,420,957,447,964,441,988,414,981,368,967,334,967,293,967,233,971,205,974
449,943,477,944,496,944,524,945,565,946,580,944,607,941,607,965,579,967,564,969,524,968,495,967,476,967,448,967
220,1017,258,1012,336,1006,431,992,562,976,652,978,690,977,689,999,651,1000,562,999,436,1014,338,1028,259,1034,221,1039
86,1050,374,1036,375,1060,87,1074
459,1037,628,1040,628,1067,459,1064
416,1074,713,1074,713,1097,416,1097
161,1107,406,1096,408,1125,163,1136
84,1144,416,1130,417,1155,85,1169
