185,271,581,308,577,341,182,304
104,305,158,313,229,318,303,330,397,332,473,336,529,336,526,368,471,368,395,364,301,362,225,350,157,345,103,337
78,358,354,377,352,406,76,388
81,403,517,419,516,446,80,430
88,441,132,443,207,448,271,447,363,448,429,450,473,450,472,475,429,475,362,473,270,472,207,473,130,467,87,466
77,483,95,483,124,485,152,484,170,484,203,489,215,490,212,515,200,514,169,509,152,509,123,510,93,508,75,508
345,488,371,488,371,508,345,508
409,488,447,488,447,508,409,508
485,488,628,488,628,508,485,508
552,523,629,523,629,543,552,543
70,527,100,527,144,526,186,526,237,529,283,522,318,520,319,546,284,549,238,555,184,553,146,552,99,554,69,554
404,524,477,524,477,545,404,545
502,524,516,524,516,543,502,543
542,555,623,554,623,574,542,575
68,557,99,564,118,567,142,569,177,564,209,566,230,564,231,588,209,590,178,588,145,592,115,591,100,588,69,581
595,585,621,585,621,604,595,604
75,606,350,594,351,619,76,631
535,620,618,614,619,635,536,640
78,647,109,644,162,645,212,639,256,635,302,632,333,629,333,653,303,656,259,659,214,663,165,668,109,668,78,670
174,682,529,648,532,679,177,713
