216,66,414,55,415,77,217,89
187,104,220,102,271,98,314,98,350,95,388,93,421,91,422,109,389,112,351,114,315,117,271,117,221,121,188,123
72,134,102,134,102,150,72,150
174,172,438,165,438,197,175,203
412,206,525,202,525,221,413,226
309,209,319,209,333,210,346,209,360,211,379,207,389,206,392,225,382,225,361,230,347,228,332,229,319,228,309,228
238,212,279,212,279,230,238,230
192,213,215,213,215,230,192,230
82,211,164,216,163,235,81,230
85,241,116,242,190,243,267,245,339,240,413,239,443,236,444,254,413,256,339,258,267,262,190,261,116,260,85,259
458,268,467,268,481,268,497,268,511,268,523,267,532,267,532,285,523,286,512,286,500,286,480,287,467,287,457,287
322,270,333,269,348,271,357,269,370,269,381,269,391,268,391,288,380,289,371,289,357,289,348,291,333,289,322,290
218,272,254,272,254,286,218,286
77,301,108,302,172,304,243,305,326,306,414,308,445,309,445,326,414,325,326,323,243,322,172,321,108,320,77,319
163,334,173,334,173,347,163,347
211,335,247,335,247,350,211,350
314,334,325,334,341,337,351,335,363,335,374,334,384,334,384,354,374,354,364,355,352,355,340,357,325,354,314,354
451,334,461,335,475,336,490,337,503,336,519,336,529,335,527,355,518,355,504,355,493,356,472,355,459,354,450,353
92,363,123,365,175,367,270,373,350,373,420,372,451,371,451,389,420,390,350,391,270,390,174,384,122,383,91,381
203,398,238,399,238,413,202,412
309,399,317,401,330,403,342,402,355,401,369,402,377,402,376,420,367,420,355,419,344,420,328,420,316,418,307,417
444,404,453,405,467,406,484,406,496,406,511,406,521,405,519,425,510,425,498,425,485,426,464,425,451,424,442,423
48,422,378,438,377,459,47,444
194,462,233,464,232,480,193,478
310,466,321,467,328,469,339,468,349,469,359,469,369,470,369,490,359,489,349,489,339,488,328,490,318,487,307,486
441,474,513,478,512,498,440,495
465,490,472,490,472,498,465,498
31,490,40,492,55,491,69,497,82,497,93,496,103,494,104,512,94,514,82,515,68,516,51,509,39,510,29,508
28,516,46,520,59,524,82,526,93,526,111,530,125,532,123,548,109,546,91,542,82,542,55,539,44,536,27,532
422,543,433,548,455,549,464,553,486,552,501,553,512,553,511,575,499,575,485,574,462,575,453,571,431,570,420,565
243,567,307,572,305,593,241,588
417,580,427,584,449,585,459,589,480,588,495,590,505,590,503,610,493,610,478,608,457,610,447,606,425,604,415,600
49,590,85,593,168,602,252,609,344,619,418,626,454,630,452,650,416,647,342,640,250,630,166,623,82,614,46,611
184,638,201,639,228,644,249,644,269,647,297,649,318,652,317,671,295,668,267,666,249,663,225,663,198,658,181,657
92,648,125,653,191,661,256,669,298,673,376,681,409,684,408,703,374,700,296,693,254,689,189,681,123,672,90,668
