192,71,309,71,309,89,192,89
173,94,194,92,225,92,246,91,277,92,303,92,327,92,326,108,302,108,277,108,246,108,224,108,195,109,174,110
34,108,139,108,139,135,34,135
185,116,209,114,221,113,247,113,278,114,292,114,313,113,314,129,293,129,278,130,247,129,222,128,208,129,184,131
199,134,301,134,301,149,199,149
135,171,256,171,256,186,135,186
32,191,231,191,231,206,32,206
276,191,358,191,358,206,276,206
32,208,40,209,52,209,62,209,77,209,85,209,96,208,97,223,86,224,77,224,62,225,52,224,39,224,30,223
262,211,365,211,365,225,262,225
34,246,99,246,99,262,34,262
309,246,358,246,358,263,309,263
172,248,180,249,189,249,203,251,206,249,219,249,225,248,226,260,220,261,208,261,200,263,189,261,181,261,172,260
255,249,271,249,271,263,255,263
45,266,69,266,125,267,196,268,242,269,299,267,324,267,324,281,299,281,243,282,196,282,124,280,69,280,45,280
32,285,101,285,101,299,32,299
34,303,139,303,139,319,34,319
317,306,324,306,331,305,343,306,352,306,361,305,368,305,367,318,360,319,352,319,344,319,331,319,323,319,316,319
184,307,191,306,198,305,212,305,219,306,227,306,234,307,234,320,227,319,220,319,211,318,199,318,190,319,183,320
51,323,80,323,119,323,166,323,219,323,268,324,296,324,296,339,268,339,219,338,166,338,119,338,79,338,51,338
34,342,141,342,141,356,34,356
318,343,366,343,366,358,318,358
192,343,233,343,233,358,192,358
35,360,195,362,195,377,35,375
35,379,141,379,141,393,35,393
318,379,366,379,366,393,318,393
185,380,235,380,235,395,185,395
37,396,65,397,103,397,134,398,167,397,205,398,233,397,233,412,205,413,167,412,134,414,103,412,65,412,37,411
37,416,141,416,141,430,37,430
185,416,235,416,235,430,185,430
310,416,368,416,368,430,310,430
46,435,71,435,119,436,167,435,223,435,268,435,293,435,292,449,268,449,223,449,167,449,119,450,71,449,46,449
37,453,142,453,142,467,37,467
194,453,235,453,235,467,194,467
326,453,368,453,368,467,326,467
38,489,205,489,205,506,38,506
310,490,369,490,369,505,310,505
38,507,166,507,166,524,38,524
38,527,151,527,151,543,38,543
310,527,369,527,369,542,310,542
45,546,111,546,111,562,45,562
310,546,369,546,369,560,310,560
328,564,369,564,369,579,328,579
45,566,88,566,88,580,45,580
35,586,50,585,64,584,83,584,100,584,121,585,137,585,137,600,121,599,100,599,83,598,65,599,51,600,35,601
97,602,122,603,166,602,198,604,238,602,270,602,294,601,293,615,269,616,238,616,199,618,166,616,122,617,98,616
38,640,175,640,175,656,38,656
39,659,58,660,96,660,128,660,169,659,201,658,225,656,225,670,201,672,170,673,129,675,96,674,58,674,39,673
235,677,369,677,369,693,235,693
38,679,144,679,144,694,38,694
94,732,309,734,309,750,94,748
47,754,75,754,137,754,217,754,255,753,326,752,354,752,354,767,326,768,255,768,217,769,137,769,75,769,47,769
79,788,325,788,325,804,79,804
55,810,83,809,130,809,193,808,248,809,312,808,340,808,340,823,312,823,248,824,193,823,130,824,84,824,56,825
