180,89,196,90,230,90,253,90,283,88,306,87,328,85,329,100,306,101,284,102,254,104,230,104,196,105,180,104
65,97,154,118,149,142,59,122
203,108,302,106,302,119,203,121
189,124,323,121,324,137,189,139
203,141,294,140,295,153,203,154
59,172,78,175,107,180,133,182,165,185,201,186,220,185,219,196,201,197,165,196,132,193,105,190,75,185,57,182
143,167,154,168,180,170,196,170,213,170,233,170,253,170,253,181,233,182,213,182,195,182,180,182,153,180,142,179
53,182,58,184,71,187,82,190,89,192,99,194,108,196,106,206,96,204,88,202,80,200,66,196,55,194,50,192
267,185,346,180,347,194,268,199
249,201,270,200,286,200,301,199,323,197,338,197,351,196,351,208,338,209,324,209,302,211,287,212,270,212,249,213
49,212,59,215,67,218,80,219,89,222,101,224,107,226,104,237,98,236,86,234,76,230,65,229,56,226,46,224
294,230,343,226,344,240,296,244
67,234,87,237,128,243,174,246,238,248,282,246,303,245,303,257,282,259,238,260,174,259,127,255,85,249,64,246
171,231,217,231,217,245,171,245
244,233,259,233,259,243,244,243
47,245,70,249,84,251,118,257,146,260,161,261,184,261,183,274,160,274,145,273,117,270,82,264,67,262,45,258
41,259,55,262,69,265,90,268,110,271,123,273,135,274,134,287,122,285,108,284,88,281,67,277,53,274,38,271
295,278,302,278,312,277,323,277,330,277,340,275,345,275,347,286,341,286,331,288,325,287,312,288,303,289,295,289
176,278,220,278,220,291,176,291
38,292,58,295,92,299,118,303,149,306,163,307,184,308,184,320,163,319,148,318,117,315,91,310,56,307,36,303
294,310,300,310,309,309,321,309,329,308,337,307,342,307,343,317,337,318,330,319,322,320,309,320,300,321,294,321
39,307,154,321,152,336,37,322
35,321,55,325,74,329,89,331,103,333,120,335,138,338,137,350,119,347,102,345,88,343,72,341,53,337,33,333
324,325,334,325,334,334,324,334
292,342,340,339,341,352,293,354
42,340,101,347,100,361,41,355
291,357,297,357,305,357,315,357,325,356,334,355,339,355,339,366,334,366,326,367,316,367,306,368,295,368,290,367
31,356,44,358,58,360,74,362,97,363,108,366,121,368,120,380,106,377,95,375,73,373,56,371,42,369,29,367
329,371,338,371,338,382,329,382
90,378,113,381,156,384,177,386,212,386,242,388,265,387,265,400,242,401,212,399,176,399,155,397,112,394,89,391
74,423,95,425,143,430,172,432,202,434,245,436,266,438,265,449,245,448,201,446,171,444,142,442,94,437,73,435
40,438,63,440,136,445,179,449,236,451,280,453,303,453,303,466,279,466,235,464,178,461,135,458,62,453,39,450
68,473,89,474,126,477,162,479,211,483,248,483,269,484,268,496,247,495,211,495,161,491,125,489,88,486,67,485
32,484,52,486,109,492,159,495,218,499,285,502,305,502,305,515,284,514,218,511,159,507,108,504,51,498,30,496
