199,97,438,97,438,121,199,121
208,126,237,127,277,128,315,129,351,128,402,128,431,126,431,146,402,147,351,147,315,149,276,148,237,147,207,145
20,144,165,144,165,181,20,181
218,154,254,155,288,155,321,156,348,157,383,155,414,155,415,178,385,178,347,180,321,178,287,178,253,178,218,177
250,184,385,184,385,206,250,206
157,230,178,231,210,234,243,234,266,235,297,233,326,232,326,252,296,253,267,255,242,254,210,254,178,251,157,250
19,257,292,260,292,282,18,278
353,261,466,258,466,277,354,281
17,283,108,283,108,304,17,304
333,287,477,284,477,303,333,306
398,335,466,332,466,353,399,356
17,336,34,334,45,334,69,334,80,334,102,337,116,338,114,358,100,356,79,354,68,353,46,354,35,354,17,355
214,335,223,336,234,337,253,339,257,338,274,336,282,334,284,352,275,354,260,355,251,357,234,355,221,354,213,352
322,337,345,337,345,355,322,355
19,359,314,359,314,382,19,382
19,386,164,386,164,406,19,406
408,386,475,386,475,404,408,404
228,388,292,388,292,407,228,407
20,436,251,436,251,458,20,458
408,438,476,436,477,455,409,457
21,460,198,460,198,482,21,482
451,463,463,463,463,478,451,478
21,486,176,485,176,507,21,509
408,488,477,488,477,505,408,505
32,512,123,512,123,534,32,534
407,512,475,512,475,531,407,531
21,537,154,537,154,559,21,559
410,538,477,538,477,556,410,556
109,561,386,559,387,582,109,585
97,637,389,637,389,660,97,660
37,667,70,666,166,665,242,663,328,663,394,664,427,664,427,684,393,683,328,683,242,682,166,684,71,686,37,687
75,713,412,713,412,735,75,735
32,739,69,739,144,740,228,740,306,739,414,739,451,739,451,759,414,760,306,760,229,760,144,760,69,760,32,759
