359,53,396,57,431,60,472,66,526,73,574,78,606,82,604,102,572,99,523,93,469,86,428,80,394,77,357,74
319,87,356,88,397,88,457,96,516,103,581,111,618,116,615,136,578,131,514,123,454,116,395,109,354,108,317,107
117,99,127,102,132,102,143,104,154,104,163,107,173,109,169,128,159,126,153,123,140,123,131,121,124,120,114,118
289,170,643,202,639,246,285,214
135,222,153,221,185,224,207,225,228,226,263,235,276,237,270,262,257,259,224,251,206,250,184,250,150,247,132,247
314,234,351,234,351,261,314,261
384,239,441,241,440,268,383,265
483,244,496,247,513,250,532,253,551,256,572,254,585,254,584,281,571,281,550,282,530,279,510,276,493,273,480,270
611,258,734,269,731,295,608,284
140,263,189,268,302,277,414,288,491,289,584,296,633,296,631,324,582,324,489,317,413,316,300,305,188,296,139,291
359,325,411,328,410,350,358,347
515,333,527,335,535,334,548,336,560,336,572,337,584,338,584,360,572,360,561,359,547,359,538,357,520,357,509,355
663,341,675,343,692,345,704,345,716,346,730,346,742,347,739,369,727,369,715,369,704,368,690,368,672,365,660,364
123,358,701,388,700,416,122,386
351,412,403,414,402,433,350,430
504,417,517,417,527,417,539,417,552,417,568,419,580,420,580,445,567,444,553,442,540,442,529,441,513,442,500,442
668,424,732,424,732,450,668,450
111,445,644,466,643,491,110,471
342,492,351,493,357,493,370,496,373,494,385,495,395,492,393,511,384,514,377,512,366,514,357,511,349,512,340,511
502,499,569,499,569,522,502,522
665,502,728,502,728,524,665,524
98,531,679,543,678,571,97,559
334,577,384,577,384,595,334,595
482,579,564,579,564,605,482,605
642,580,653,580,669,579,687,579,701,579,715,579,726,579,724,602,713,602,701,602,688,602,667,602,653,602,641,603
98,622,148,622,266,622,387,622,466,624,585,622,634,622,635,649,586,649,465,651,387,649,266,649,148,649,98,649
487,664,499,663,505,662,517,662,530,660,544,662,556,662,553,685,541,685,532,684,519,685,508,686,494,686,483,687
639,662,713,662,713,685,639,685
326,663,376,663,376,682,326,682
254,665,271,665,271,683,254,683
73,714,122,713,208,711,277,710,319,709,404,710,453,711,454,740,405,738,320,738,277,738,209,739,123,741,74,742
626,741,637,742,649,744,666,743,683,741,694,741,705,741,704,762,694,763,682,762,669,764,650,765,636,764,625,762
462,744,474,745,488,746,506,746,522,744,536,744,548,743,547,767,535,768,523,767,509,769,488,770,473,769,461,768
316,753,324,753,332,751,341,753,351,750,359,751,367,749,371,765,363,767,351,767,342,770,331,768,323,770,315,770
67,808,625,783,626,810,68,836
618,827,629,825,642,823,659,822,674,821,689,819,700,818,699,839,689,841,675,843,663,843,643,844,630,847,620,848
469,834,484,832,490,833,504,829,514,830,528,828,543,828,545,850,530,850,518,851,505,850,493,854,479,853,464,855
308,838,318,839,322,837,333,839,341,835,350,837,360,836,364,856,353,857,342,855,334,859,324,858,315,859,304,859
60,900,582,871,583,899,61,928
628,905,640,904,646,905,657,902,670,900,683,899,695,898,697,920,685,922,672,922,661,924,650,928,636,927,624,928
464,919,534,909,538,937,468,946
298,930,352,925,354,948,300,953
601,993,613,994,628,992,648,992,660,989,671,987,683,982,689,1004,677,1009,663,1012,652,1014,630,1015,615,1016,603,1016
600,1035,679,1026,682,1049,602,1058
