169,70,370,69,371,91,170,92
149,106,178,106,205,105,241,106,297,105,323,103,352,100,352,117,323,120,298,122,241,123,205,122,177,123,148,123
15,128,51,130,50,145,14,143
137,169,406,171,406,200,136,199
34,209,46,208,66,209,83,209,97,209,120,213,132,214,130,230,118,229,95,225,82,226,67,226,44,225,32,226
385,209,491,209,491,226,385,226
283,209,292,210,307,210,320,211,336,211,352,209,361,207,363,225,354,226,337,229,320,229,306,228,293,228,283,227
159,211,251,211,251,229,159,229
48,236,80,237,161,238,246,239,366,238,429,239,461,238,462,257,430,257,366,256,246,257,161,256,80,255,48,254
439,267,505,265,505,283,439,285
193,268,231,268,231,281,193,281
306,269,369,267,370,287,307,289
50,297,79,297,150,298,236,300,316,304,415,302,444,303,445,320,416,319,317,321,235,317,150,316,78,315,49,314
193,328,232,328,232,343,193,343
440,328,506,328,506,346,440,346
307,330,369,330,369,349,307,349
26,358,381,362,381,383,25,378
192,390,230,390,230,403,192,403
316,392,370,390,371,409,316,411
451,390,507,390,507,408,451,408
23,420,405,425,405,445,23,440
192,452,231,452,231,467,192,467
316,453,370,453,370,473,316,473
450,452,459,453,471,453,478,453,489,453,500,453,509,453,508,471,499,471,489,471,479,471,472,470,456,470,447,470
74,481,109,483,158,483,239,488,337,486,430,488,464,488,465,508,430,508,337,506,239,508,157,504,109,503,74,501
191,516,229,516,229,531,191,531
304,517,372,517,372,536,304,536
441,518,509,518,509,536,441,536
11,552,21,552,37,552,55,555,69,554,81,553,92,551,94,571,84,573,70,574,53,574,34,572,22,572,12,572
170,559,180,559,180,572,170,572
10,575,30,580,46,583,59,584,82,582,106,585,119,585,117,603,104,603,82,601,59,602,42,601,30,598,9,593
445,585,511,587,511,606,444,605
13,608,164,611,164,630,12,628
250,616,295,616,295,634,250,634
433,618,511,618,511,637,433,637
5,641,161,646,160,665,5,660
427,649,438,651,458,652,469,653,481,652,500,651,511,649,511,664,501,666,481,667,469,668,457,667,438,666,427,664
69,682,101,682,168,683,259,685,341,689,433,687,465,687,465,706,433,706,341,708,258,704,168,701,100,701,69,701
199,714,220,714,247,715,268,714,289,715,319,715,339,716,339,734,319,733,289,733,269,732,245,733,219,732,198,732
105,734,128,735,211,736,270,739,311,736,382,738,406,736,406,750,383,752,311,750,269,753,211,750,128,749,105,748
