216,46,230,43,249,40,272,35,286,32,300,30,318,26,320,46,303,49,290,52,276,54,253,59,234,63,220,65
197,83,221,77,243,72,274,67,304,60,334,55,362,49,366,65,338,70,307,76,277,82,246,88,224,93,199,99
180,142,420,105,424,136,184,173
113,118,130,118,130,131,113,131
395,149,514,132,517,153,398,170
296,165,307,164,320,163,333,160,345,161,363,155,373,154,377,173,368,174,351,179,335,180,321,182,309,183,299,184
234,173,270,169,272,186,235,189
196,175,217,175,217,193,196,193
104,184,119,182,127,182,139,180,151,181,166,182,174,183,175,199,167,198,150,197,140,196,127,198,120,198,105,200
94,210,119,209,159,207,195,204,221,204,269,199,290,199,292,215,270,215,222,220,195,220,160,223,119,225,95,226
312,224,376,216,378,236,314,244
90,233,105,233,123,234,132,233,146,235,167,234,175,235,175,251,167,250,147,251,132,250,123,250,106,250,91,250
427,241,437,243,461,241,472,244,497,239,512,238,526,235,527,255,514,258,499,259,474,264,462,261,439,263,429,261
316,254,371,249,373,269,318,275
210,259,245,257,246,271,211,273
88,260,145,260,145,277,88,277
162,260,182,260,182,274,162,274
78,294,135,298,133,319,77,315
178,301,198,301,198,316,178,316
73,319,155,326,153,347,72,340
424,317,436,320,461,321,471,323,495,319,514,319,526,318,525,341,513,343,497,343,471,347,460,345,436,344,424,341
65,352,74,356,88,358,97,361,108,359,125,362,135,361,132,379,123,380,108,378,97,379,86,376,71,374,62,370
422,370,520,370,520,396,422,396
63,381,173,391,171,411,61,401
240,399,280,399,280,420,240,420
414,404,429,408,454,409,466,413,490,411,507,413,522,412,521,434,506,434,489,433,465,435,452,430,428,430,413,425
59,429,249,450,247,471,56,450
52,461,70,462,105,468,128,469,167,475,191,480,213,484,207,503,186,499,164,494,124,489,104,488,67,482,49,480
47,490,125,504,121,524,43,510
41,522,55,525,71,528,96,533,116,537,134,541,152,544,147,563,129,560,113,556,91,552,67,547,51,544,37,541
33,555,51,559,66,565,92,568,113,574,130,577,148,582,141,601,124,596,109,593,87,587,62,585,44,578,27,573
470,561,506,561,506,588,470,588
31,583,50,590,81,599,124,615,149,620,180,627,205,630,197,651,172,648,144,641,117,636,75,620,43,611,24,604
430,594,443,599,453,606,466,605,478,607,496,611,509,614,503,641,490,637,474,634,464,633,446,632,435,626,422,620
56,639,103,653,160,671,282,709,327,723,433,759,481,775,471,802,424,786,318,750,273,736,152,698,95,681,47,666
408,681,421,687,439,692,456,699,475,702,491,708,505,711,496,738,481,735,466,729,451,727,426,717,414,714,400,709
55,711,80,718,75,736,50,729
152,712,170,719,195,729,215,735,236,744,265,750,284,756,278,776,259,770,232,764,210,756,187,749,162,739,144,732
