217,98,254,99,285,100,323,100,357,98,401,99,434,98,434,120,401,121,357,120,324,122,285,122,255,121,217,120
230,127,424,125,424,146,230,148
61,142,192,142,192,178,61,178
240,151,270,153,300,153,329,155,354,155,385,153,412,151,413,169,386,171,354,172,329,173,300,171,270,171,240,169
267,178,388,178,388,199,267,199
187,226,336,226,336,246,187,246
355,248,369,249,395,248,406,248,424,246,444,246,462,246,462,264,445,265,425,265,407,267,396,266,370,267,356,267
58,247,306,250,305,272,58,268
342,273,471,269,472,290,343,294
56,272,66,272,84,272,95,273,114,274,126,274,140,274,139,293,126,293,114,293,96,292,83,291,65,291,55,291
402,318,464,318,464,338,402,338
57,325,73,323,82,322,103,322,115,323,135,325,143,327,141,345,133,343,113,340,103,339,83,340,73,341,57,343
235,322,244,323,254,324,271,326,279,324,290,323,298,320,300,338,291,340,283,341,268,343,254,341,243,341,235,339
335,324,355,324,355,341,335,341
58,347,404,344,404,365,58,368
411,373,420,371,429,370,442,368,456,369,467,369,476,369,476,385,467,385,457,386,442,385,430,387,419,387,410,389
58,372,193,372,193,392,58,392
249,373,307,373,307,390,249,390
58,394,259,396,259,416,58,415
413,419,474,417,475,435,413,437
58,422,193,422,193,442,58,442
250,422,309,422,309,439,250,439
58,446,456,443,456,463,58,466
424,467,476,467,476,485,424,485
258,470,310,470,310,487,258,487
58,472,193,472,193,492,58,492
59,519,273,517,273,541,59,543
416,518,481,518,481,538,416,538
59,545,225,544,226,567,59,569
57,572,204,568,205,592,58,596
418,568,481,568,481,585,418,585
418,593,481,593,481,611,418,611
69,598,155,598,155,621,69,621
57,624,185,619,186,644,58,648
470,621,482,621,482,636,470,636
141,648,402,642,403,667,141,673
130,725,407,722,407,746,130,749
69,756,103,755,195,754,269,751,336,750,410,750,444,751,444,771,410,770,337,769,269,770,196,773,104,775,70,776
118,807,156,806,206,805,258,803,318,803,370,801,408,800,408,821,371,822,319,824,259,825,207,826,156,828,119,828
69,836,103,835,186,833,249,831,329,830,432,827,466,826,466,846,432,847,329,850,250,851,187,853,104,855,70,856
