41,79,376,79,376,101,41,101
187,108,227,105,229,124,188,127
30,135,54,136,100,136,143,140,189,139,218,137,242,135,242,148,218,151,189,153,142,153,100,150,54,150,30,148
271,134,286,136,311,136,324,138,344,135,367,136,384,135,382,151,365,152,345,151,324,154,310,152,285,152,271,149
141,157,157,157,190,158,203,158,230,159,250,158,271,157,271,171,250,172,230,173,203,172,189,172,157,171,142,170
137,177,281,177,281,192,137,192
106,203,312,203,312,221,106,221
152,232,263,232,263,246,152,246
22,258,32,258,49,257,76,258,87,257,110,258,124,257,123,267,109,268,87,267,76,268,49,268,32,268,22,268
22,281,244,281,244,294,22,294
21,307,36,307,66,308,93,307,120,308,147,307,165,307,165,318,146,318,120,318,92,317,67,318,35,317,21,318
290,336,303,336,303,348,290,348
79,342,138,342,138,355,79,355
177,343,192,343,192,356,177,356
230,343,252,343,252,355,230,355
344,343,362,343,362,355,344,355
286,352,309,352,309,366,286,366
52,381,66,381,80,381,97,381,113,381,135,380,144,380,145,392,136,392,113,393,97,392,80,392,66,392,52,392
231,386,279,386,279,400,231,400
338,385,345,386,353,386,365,386,371,386,380,386,387,386,385,399,378,399,372,399,363,399,354,399,346,399,339,398
47,402,88,397,90,410,49,415
55,419,118,419,118,431,55,431
231,424,279,424,279,438,231,438
34,425,43,425,43,437,34,437
338,424,345,424,354,424,364,424,371,424,380,424,387,424,385,437,378,437,372,437,363,437,354,437,345,437,338,437
54,438,62,438,71,438,79,437,90,436,101,438,108,439,107,449,99,448,90,447,80,448,70,449,63,448,55,449
57,456,125,456,125,470,57,470
231,463,275,463,275,475,231,475
343,463,386,463,386,475,343,475
34,464,43,464,43,476,34,476
54,474,64,475,79,475,97,477,109,475,126,476,136,475,135,488,125,489,110,489,97,490,78,489,63,488,54,487
312,504,391,505,391,530,311,528
28,509,182,505,183,528,29,531
333,536,392,536,392,550,333,550
27,536,35,537,46,536,55,537,67,537,77,537,88,537,86,550,75,550,68,549,56,550,46,549,35,549,26,549
27,566,128,564,128,586,28,588
323,563,393,566,392,587,322,585
137,606,153,607,179,607,211,609,235,607,261,607,282,606,282,618,261,620,235,619,211,621,178,620,152,619,136,618
103,649,127,649,174,649,212,650,253,648,305,648,329,647,329,661,305,662,253,662,212,664,174,663,127,663,103,663
