171,87,392,87,392,111,171,111
141,128,412,126,412,147,142,148
4,163,41,165,40,182,4,180
139,208,426,207,426,240,139,241
215,254,261,254,261,273,215,273
296,252,307,253,321,254,334,255,351,257,369,253,380,252,382,273,371,274,352,278,335,276,320,275,306,274,295,273
403,253,513,254,513,274,403,273
161,255,189,255,189,274,161,274
27,253,129,257,128,279,27,276
20,291,494,285,494,308,21,314
313,321,324,321,338,320,353,320,366,320,378,320,389,320,389,341,378,341,366,341,356,341,335,341,325,342,314,343
452,320,463,320,476,320,488,319,504,320,517,320,528,320,528,341,517,341,504,341,492,340,473,341,463,341,452,341
201,323,242,323,242,339,201,339
145,324,158,324,158,340,145,340
11,365,100,370,99,395,10,390
177,373,190,373,190,388,177,388
457,394,467,394,480,395,493,394,507,393,520,394,529,393,528,412,519,413,507,413,498,413,477,413,466,413,456,413
12,397,121,401,120,425,11,421
12,431,170,429,170,450,12,452
460,431,528,429,529,451,461,453
266,432,313,432,313,452,266,452
34,481,524,477,524,503,34,507
203,519,224,518,255,522,278,518,299,519,329,517,355,517,355,539,330,540,301,542,280,541,254,544,223,541,202,541
80,549,458,547,458,573,81,574
