46,95,84,99,182,100,228,104,289,100,379,93,416,90,418,112,380,116,290,122,228,126,181,122,84,121,46,117
211,135,256,129,259,151,214,157
155,161,183,163,244,164,284,165,349,157,385,156,413,153,414,169,386,172,350,174,285,181,245,181,183,179,154,177
39,159,144,161,144,178,39,176
162,181,188,183,215,185,238,185,255,186,281,183,307,183,308,202,282,203,257,206,238,204,212,205,188,202,162,200
150,204,172,206,205,208,233,209,260,207,287,206,316,203,317,220,288,222,262,224,233,225,204,224,171,223,150,221
118,231,142,234,203,237,232,239,266,238,324,233,349,231,350,249,326,252,267,256,231,257,202,256,142,252,118,249
191,271,277,271,277,289,191,289
171,300,290,302,290,318,170,316
24,323,100,326,100,340,24,337
25,352,271,357,271,373,25,367
23,379,40,380,75,381,102,381,135,383,167,382,189,382,189,395,167,395,135,395,102,394,75,393,39,392,22,392
321,415,336,415,336,428,321,428
87,419,152,424,151,439,86,434
195,423,212,423,212,437,195,437
254,424,277,424,277,437,254,437
381,424,401,424,401,437,381,437
316,434,340,434,340,447,316,447
57,466,72,466,93,466,107,466,126,467,145,467,165,468,164,480,145,479,126,479,106,478,93,478,71,478,57,478
254,465,302,465,302,479,254,479
378,465,428,465,428,479,378,479
59,496,155,498,155,512,58,510
253,497,306,497,306,510,253,510
378,497,426,497,426,511,378,511
59,526,78,525,88,525,109,524,129,525,150,527,162,528,162,541,150,540,128,538,109,537,88,538,77,538,58,538
262,533,304,533,304,547,262,547
385,534,425,534,425,547,385,547
59,542,90,543,89,557,58,555
59,568,132,568,132,585,59,585
261,569,306,570,305,589,260,587
385,572,426,572,426,588,385,588
30,610,199,612,199,635,30,633
340,610,429,612,429,639,340,637
32,642,92,644,92,657,31,655
371,645,428,645,428,659,371,659
30,677,45,675,66,674,81,673,103,673,121,673,139,672,139,688,121,688,103,688,82,689,66,690,44,691,29,692
405,677,428,677,428,700,405,700
146,723,165,724,195,726,233,728,253,725,283,725,308,721,308,735,283,739,253,739,233,742,194,740,165,738,146,737
111,766,362,769,362,784,111,781
