200,169,484,169,484,199,200,199
128,215,172,216,231,218,360,218,437,215,512,216,556,216,557,242,512,243,436,241,361,244,231,244,172,243,128,241
250,255,443,255,443,279,250,279
212,295,484,292,484,327,212,330
54,346,83,347,111,349,129,349,162,348,193,353,211,354,210,380,192,378,161,374,128,374,111,374,83,372,54,372
243,349,345,349,345,373,243,373
246,387,489,383,489,408,247,412
59,388,72,386,91,390,94,387,111,387,121,390,134,393,135,418,122,415,107,412,98,411,85,414,68,411,56,413
64,423,195,423,195,447,64,447
247,423,377,423,377,446,247,446
248,459,469,457,469,480,248,483
62,459,214,459,214,484,62,484
570,521,644,528,641,554,568,547
454,527,497,527,497,550,454,550
279,530,294,530,312,531,330,531,347,534,368,529,383,528,384,548,369,549,349,555,330,552,312,552,294,551,279,550
62,539,84,534,104,533,124,530,142,530,172,535,184,537,181,560,170,558,141,554,124,553,108,556,83,558,61,563
210,531,237,531,237,553,210,553
62,574,88,576,123,575,153,579,193,573,217,573,243,569,244,593,218,596,193,597,154,602,122,598,88,600,62,597
578,604,645,604,645,627,578,627
319,607,385,607,385,630,319,630
177,610,243,610,243,634,177,634
67,656,94,657,159,654,199,657,260,653,304,652,340,649,341,670,305,673,260,675,200,678,159,675,95,679,67,677
581,681,648,681,648,704,581,704
324,685,387,685,387,708,324,708
181,688,247,688,247,711,181,711
107,732,147,731,203,730,303,730,405,723,489,721,529,718,529,742,489,744,405,747,304,753,204,753,148,755,107,755
569,759,652,759,652,787,569,787
309,760,390,760,390,785,309,785
184,764,250,764,250,793,184,793
242,838,265,836,293,838,334,833,358,833,404,836,419,837,417,858,402,857,357,854,335,854,295,859,264,857,240,859
235,873,258,873,288,875,325,870,363,869,393,872,421,874,418,895,390,893,364,890,325,891,290,896,257,894,234,895
569,869,653,869,653,892,569,892
222,910,248,909,280,911,317,907,352,907,397,906,428,907,427,931,396,930,353,931,317,930,282,935,248,933,221,934
551,912,655,912,655,938,551,938
239,951,262,951,292,950,327,950,371,952,401,949,420,948,422,969,402,970,370,973,326,971,293,972,263,972,240,972
573,951,657,951,657,974,573,974
253,1015,281,1017,324,1018,364,1020,413,1017,449,1016,485,1012,486,1033,450,1037,414,1038,365,1041,323,1039,281,1038,253,1035
