188,75,205,76,225,76,243,77,265,76,289,76,309,76,308,91,287,92,265,92,244,92,224,92,205,92,188,91
171,99,192,99,223,97,246,98,275,98,301,97,328,95,326,111,299,112,275,113,246,114,223,113,192,114,172,115
31,113,136,113,136,141,31,141
182,119,208,119,230,119,245,119,276,120,290,119,313,117,313,133,291,135,276,137,245,136,230,135,207,136,181,135
197,140,299,140,299,157,197,157
131,178,254,178,254,193,131,193
30,196,230,196,230,213,30,213
273,197,356,197,356,213,273,213
29,215,36,216,49,216,59,217,72,216,83,216,96,214,96,228,83,229,73,230,59,231,49,230,35,230,28,229
257,215,363,215,363,231,257,231
28,255,42,254,50,253,66,253,75,253,90,254,98,255,96,269,89,269,75,267,65,268,50,268,43,268,29,270
169,252,176,253,186,254,198,255,202,254,215,253,222,251,222,265,216,267,205,267,197,269,185,267,176,267,169,266
305,254,355,252,356,267,306,269
250,255,267,255,267,267,250,267
31,269,322,272,322,289,31,286
31,290,135,290,135,305,31,305
180,291,228,291,228,305,180,305
312,291,362,291,362,305,312,305
266,293,274,293,274,305,266,305
31,308,330,308,330,323,31,323
31,328,134,328,134,341,31,341
180,328,228,328,228,341,180,341
312,329,362,329,362,341,312,341
31,363,199,363,199,380,31,380
305,365,362,365,362,379,305,379
32,381,161,381,161,398,32,398
343,383,353,383,353,395,343,395
31,399,144,399,144,416,31,416
186,442,191,434,198,425,205,418,209,415,215,408,224,398,239,410,229,419,223,427,218,432,211,438,203,449,198,456
302,401,310,402,323,403,332,403,340,402,355,402,361,401,360,413,354,414,341,414,332,416,322,415,311,415,302,414
39,418,104,418,104,433,39,433
305,420,360,420,360,433,305,433
39,438,81,438,81,451,39,451
319,438,360,438,360,451,319,451
31,455,128,455,128,469,31,469
94,473,296,474,296,491,94,489
32,509,166,511,165,526,32,524
32,527,226,527,226,543,32,543
31,546,135,546,135,561,31,561
225,547,359,547,359,561,225,561
87,599,298,601,297,618,87,616
43,621,67,621,136,619,207,620,245,621,300,621,324,621,324,635,300,635,245,635,207,634,136,633,67,635,43,635
71,654,312,656,312,672,71,670
31,675,351,675,351,689,31,689
