280,201,675,201,675,235,280,235
135,244,183,247,345,252,449,254,618,251,736,252,784,252,786,280,738,280,619,279,449,282,344,280,182,275,134,273
280,298,324,300,394,304,492,303,541,303,612,300,655,298,656,323,613,325,542,328,492,329,394,329,323,326,279,323
299,416,663,409,664,444,300,452
624,483,661,480,707,476,749,475,796,472,843,473,891,471,892,499,844,500,796,500,749,503,709,504,660,508,624,511
77,476,108,477,141,479,194,477,229,477,263,478,300,479,300,512,262,510,229,510,194,510,141,511,108,510,77,509
710,595,892,591,893,629,711,633
396,603,411,606,437,607,460,610,482,610,512,604,527,601,530,632,515,635,483,642,461,641,434,638,412,637,397,634
88,610,136,610,136,639,88,639
88,661,495,661,495,701,88,701
745,712,762,715,799,716,818,719,853,713,879,713,896,711,895,745,878,747,854,747,819,753,798,750,761,749,744,746
396,719,538,715,539,752,397,756
100,777,163,778,273,778,350,779,474,783,567,775,630,772,630,809,567,811,474,820,350,815,274,815,163,815,100,814
770,831,896,831,896,870,770,870
402,835,420,834,443,833,471,833,491,832,513,832,532,831,531,867,513,868,493,868,474,868,440,868,420,869,401,870
99,890,167,894,238,896,356,900,454,893,532,892,599,887,598,925,530,930,455,931,356,938,238,934,167,932,99,928
405,950,424,950,447,950,472,950,495,948,518,948,537,947,537,985,517,986,497,986,477,988,444,988,424,988,404,988
774,949,896,949,896,985,774,985
94,1023,135,1021,176,1027,237,1017,288,1020,326,1023,374,1029,369,1065,321,1058,289,1055,237,1052,177,1063,133,1057,92,1059
748,1015,765,1018,802,1017,823,1021,844,1017,882,1015,899,1012,900,1045,883,1049,847,1050,822,1055,803,1050,766,1052,749,1049
246,1111,294,1109,384,1113,490,1105,570,1106,661,1109,709,1111,711,1139,662,1137,568,1134,490,1133,385,1141,293,1137,244,1139
