124,103,794,103,794,183,124,183
205,224,266,227,359,229,477,231,542,225,638,221,699,214,699,249,638,256,543,260,478,266,359,264,265,262,204,259
294,274,637,269,638,303,295,307
235,327,704,327,704,386,235,386
15,421,65,421,65,454,15,454
471,419,668,419,668,455,471,455
203,421,342,421,342,461,203,461
15,474,146,476,145,509,14,507
749,473,896,473,896,507,749,507
470,478,493,477,515,481,531,476,550,478,564,482,587,490,592,521,570,513,542,509,538,508,509,512,490,509,467,509
17,534,170,534,170,567,17,567
206,534,302,534,302,567,206,567
477,533,605,535,605,569,476,566
848,536,892,536,892,567,848,567
17,593,51,592,109,595,153,592,233,592,277,592,320,592,320,629,278,629,234,629,155,629,107,632,51,629,16,630
181,658,331,658,331,697,181,697
480,664,521,664,521,697,480,697
628,664,720,664,720,699,628,699
30,726,317,726,317,762,30,762
453,731,471,730,486,733,501,730,510,729,522,729,539,727,542,761,524,763,509,763,504,764,485,768,470,765,453,765
599,729,718,729,718,764,599,764
829,733,873,733,873,766,829,766
17,844,373,844,373,883,17,883
777,852,894,850,895,887,777,889
24,957,172,957,172,984,24,984
816,967,894,967,894,994,816,994
38,997,159,1000,158,1025,37,1022
812,1007,892,1007,892,1034,812,1034
288,1045,345,1045,433,1043,501,1046,615,1052,662,1052,718,1055,720,1087,663,1085,614,1084,500,1078,434,1076,343,1078,287,1077
158,1101,317,1101,317,1130,158,1130
134,1169,151,1171,185,1175,211,1174,239,1173,270,1172,299,1168,299,1187,270,1191,240,1192,211,1194,184,1194,150,1190,133,1188
333,1172,507,1172,507,1195,333,1195
