289,204,685,198,685,237,290,244
127,260,177,261,309,267,474,262,664,255,765,254,815,252,816,281,766,283,665,284,474,291,309,296,176,290,126,289
721,276,731,276,731,286,721,286
292,315,686,308,687,338,293,345
309,433,669,426,670,462,310,469
633,511,668,505,707,500,755,496,803,495,865,495,901,495,901,527,866,527,803,526,756,528,710,532,667,537,632,543
82,496,299,503,297,541,81,535
320,576,635,573,635,580,320,583
715,630,897,626,898,664,716,668
398,633,414,636,441,639,464,641,489,644,506,637,528,631,532,663,510,668,490,675,464,672,437,671,413,668,397,665
85,640,131,640,131,673,85,673
85,700,492,698,492,741,85,744
778,757,899,753,900,792,779,796
410,760,529,757,530,797,411,800
767,829,788,829,815,829,840,829,864,828,886,828,906,826,907,866,887,868,865,868,845,869,809,869,789,870,768,870
84,837,130,835,172,840,230,831,283,832,326,835,364,839,359,880,321,876,283,874,231,872,174,881,127,877,81,879
238,929,753,926,753,966,238,968
