138,192,558,190,558,215,138,217
191,228,230,230,304,229,333,231,395,231,475,229,504,228,504,250,475,251,395,252,334,253,304,251,230,252,191,249
119,261,154,261,237,260,350,261,424,264,524,260,559,260,559,281,524,281,424,285,349,281,237,281,154,281,119,282
151,290,190,290,255,294,329,291,408,292,485,295,524,297,523,319,485,317,408,314,330,312,255,316,189,312,151,311
200,335,494,339,493,373,200,369
255,390,274,390,308,389,344,389,371,389,405,389,435,389,436,409,405,409,370,409,344,409,308,409,274,409,256,410
226,423,253,423,253,443,226,443
280,423,326,423,326,443,280,443
361,420,372,422,388,423,401,424,419,427,435,422,446,420,449,442,437,443,420,448,401,445,386,445,371,443,360,442
470,423,586,423,586,443,470,443
89,426,109,424,126,426,144,424,158,425,184,428,197,430,195,448,182,446,157,444,143,442,126,444,109,443,89,444
85,456,251,456,251,478,85,478
107,495,145,494,219,494,305,490,369,490,455,490,493,490,494,512,455,512,369,511,305,512,220,515,145,515,107,517
266,525,309,525,309,543,266,543
385,525,456,525,456,548,385,548
529,525,599,525,599,546,529,546
77,565,87,565,105,563,124,567,139,566,154,564,165,562,167,583,157,585,141,586,122,587,102,583,89,586,78,586
210,568,264,568,264,588,210,588
86,601,124,598,154,595,219,596,249,594,315,593,340,592,339,615,314,616,249,617,220,618,153,618,123,621,85,624
533,596,605,596,605,616,533,616
336,631,383,631,383,651,336,651
87,632,246,632,246,652,87,652
532,633,542,632,559,633,567,631,583,631,596,631,607,631,604,650,594,650,582,651,570,650,561,653,541,651,531,653
83,664,241,664,241,687,83,687
529,665,540,664,555,664,567,664,584,664,597,664,608,664,607,685,596,685,583,685,570,685,554,686,540,686,529,686
149,706,191,705,258,703,314,704,378,704,476,709,518,710,516,735,474,733,378,728,314,729,258,728,191,730,149,731
223,743,243,742,285,746,333,741,362,741,390,741,429,741,429,763,391,763,362,763,334,763,285,767,242,764,222,764
206,778,237,779,300,779,344,780,399,778,444,777,479,775,478,794,443,797,399,797,345,800,300,799,237,799,206,798
133,857,523,857,523,888,133,888
