138,95,165,98,202,99,232,99,270,94,304,88,334,81,337,98,306,105,272,111,234,116,202,116,164,115,137,113
59,110,90,114,175,126,230,126,304,117,395,105,425,98,428,116,397,123,307,134,232,144,174,143,86,132,55,127
143,151,167,152,202,153,250,150,281,147,315,143,342,139,344,156,317,160,283,165,251,167,203,171,166,169,143,169
155,212,179,214,208,217,245,216,273,213,316,209,339,206,340,223,317,226,275,230,247,233,208,234,178,231,155,229
319,247,338,244,362,239,383,237,408,236,439,233,458,232,460,250,440,251,409,253,384,255,364,257,339,261,320,265
50,236,66,239,84,242,106,244,119,246,143,247,156,248,155,265,142,264,117,263,105,261,81,259,63,256,48,254
359,310,379,308,392,307,409,306,428,306,444,302,460,299,458,317,442,320,429,324,412,324,393,325,379,326,360,327
56,310,82,310,82,330,56,330
210,317,218,318,228,319,241,319,250,319,267,316,275,315,277,331,269,331,253,334,240,334,228,335,217,333,209,332
58,340,95,343,143,347,196,348,244,349,296,344,333,341,335,362,297,365,245,370,196,369,143,368,94,364,57,361
396,372,463,368,465,388,398,392
64,379,71,379,71,392,64,392
214,380,224,379,234,378,245,378,256,377,268,377,277,376,278,395,268,396,257,396,247,396,234,397,223,398,213,399
62,410,85,410,125,411,166,412,207,411,260,409,290,407,290,425,259,426,208,429,166,429,125,428,85,428,61,427
398,435,466,433,467,453,399,455
215,440,225,439,237,438,249,437,261,438,272,437,282,436,283,457,272,457,263,458,249,458,236,459,226,459,216,461
78,476,108,474,157,477,189,473,239,471,274,471,304,470,303,487,273,488,239,489,190,490,156,495,108,492,78,493
406,500,471,500,471,519,406,519
224,502,284,501,285,519,225,521
73,511,80,511,80,523,73,523
65,538,91,537,130,537,174,535,219,536,256,534,290,534,289,553,255,554,220,556,174,555,130,557,92,557,66,558
225,561,234,562,245,563,256,563,266,563,281,562,290,561,288,578,279,579,267,580,258,580,245,580,234,579,225,578
406,563,416,563,428,563,440,563,453,563,466,563,476,563,474,582,465,582,453,582,441,582,427,582,414,582,404,582
69,604,97,600,139,597,184,593,222,593,273,592,307,594,307,616,273,614,223,615,186,615,140,619,99,622,71,626
227,626,237,625,248,624,261,624,270,623,283,623,293,622,293,641,283,642,272,642,262,642,247,643,237,644,227,645
410,628,419,627,436,627,445,626,458,627,471,626,481,626,478,645,468,645,457,646,447,645,435,646,419,646,409,646
80,640,87,640,87,653,80,653
73,670,103,666,154,662,199,658,242,656,268,656,302,657,301,677,267,676,243,675,201,677,156,682,105,686,75,689
231,685,241,685,252,685,266,685,275,685,287,685,298,685,297,705,287,705,277,705,268,705,251,706,241,705,230,705
414,692,480,692,480,711,414,711
403,721,419,726,433,727,442,728,459,726,473,726,482,726,480,743,472,744,461,744,442,746,432,745,419,743,403,739
82,737,101,735,122,736,149,728,175,725,199,726,219,726,218,748,198,747,176,746,152,749,126,757,103,756,83,759
153,776,180,772,225,771,276,766,327,771,367,773,394,778,395,793,367,789,325,786,276,781,226,787,181,788,154,791
