163,24,171,22,182,18,198,15,210,12,220,11,231,9,232,24,221,26,214,26,202,29,186,33,177,36,169,38
156,49,168,46,191,41,205,39,223,35,245,32,261,29,265,47,249,49,227,53,208,56,195,58,172,64,160,66
300,47,340,38,343,54,304,63
239,60,265,55,268,71,243,76
150,113,187,105,239,95,299,83,373,69,431,58,468,50,471,72,434,79,377,90,303,104,243,116,191,126,154,134
150,79,159,77,172,75,187,71,196,70,207,68,219,67,221,84,208,85,200,87,190,88,175,92,161,94,152,96
422,98,434,95,444,92,459,90,472,87,485,85,497,83,504,105,492,107,477,109,463,113,450,115,434,119,422,121
587,107,602,106,622,104,645,101,668,98,688,98,703,97,702,127,687,127,671,128,653,129,623,134,605,135,590,137
416,137,429,135,438,136,451,130,464,129,478,126,491,125,497,150,484,151,469,154,455,155,442,161,428,160,415,162
138,143,239,130,242,153,140,165
281,159,289,157,294,155,302,155,309,152,316,169,325,166,328,149,319,152,310,170,305,172,295,172,290,174,281,177
222,162,247,162,247,183,222,183
128,177,138,176,149,175,167,171,176,172,187,170,201,171,203,190,189,190,176,192,168,191,153,194,140,195,130,196
570,216,703,206,706,236,572,246
242,213,267,213,267,235,242,235
112,219,123,221,140,219,149,223,163,220,174,217,184,212,191,233,180,238,166,241,152,245,139,241,126,243,115,240
630,233,639,233,639,245,630,245
109,252,125,253,144,255,156,253,171,250,191,254,202,253,201,275,190,275,171,272,159,275,141,276,127,275,111,274
564,283,699,277,701,308,565,314
95,301,115,301,127,302,139,300,160,299,172,301,187,303,185,324,170,322,160,320,143,321,122,322,117,322,98,322
623,302,634,302,634,314,623,314
96,332,228,332,228,356,96,356
316,335,370,335,370,361,316,361
561,336,696,336,696,367,561,367
619,357,630,357,630,370,619,370
77,372,214,380,212,407,75,399
572,394,689,398,688,430,571,427
612,420,622,420,622,431,612,431
78,434,319,454,316,482,76,463
67,482,116,483,151,481,194,490,248,495,281,501,323,507,317,534,275,528,245,522,191,517,149,508,111,510,63,509
64,515,160,534,155,559,59,539
58,554,81,561,95,566,127,573,153,578,174,581,197,584,190,608,166,605,149,603,120,597,90,590,74,585,52,578
52,598,74,604,89,610,122,615,146,622,169,627,191,632,182,656,159,651,141,648,114,640,84,636,65,628,42,622
620,608,665,608,665,643,620,643
45,628,72,640,114,655,159,674,192,681,228,690,262,695,252,718,218,713,186,706,151,698,106,679,63,664,36,652
564,656,664,676,657,713,557,693
581,686,591,686,591,698,581,698
54,688,96,705,171,733,267,768,322,787,400,816,448,833,441,861,393,844,312,814,256,796,161,760,85,732,43,716
528,773,545,777,566,785,592,789,614,796,638,804,654,809,643,841,627,836,603,828,582,822,556,817,535,810,518,805
565,810,577,810,577,824,565,824
