65,77,316,89,314,142,62,130
64,147,317,150,317,174,64,171
7,194,31,194,91,195,119,194,161,194,205,193,235,192,235,208,204,209,161,210,120,210,91,211,31,210,7,210
54,254,85,253,145,252,184,252,246,252,292,253,323,254,322,272,292,271,246,270,184,269,145,270,85,271,54,272
137,289,233,289,233,323,137,323
152,367,256,367,256,387,152,387
18,390,187,390,187,410,18,410
259,428,273,427,287,424,316,425,330,423,355,422,369,421,369,440,355,442,330,443,315,445,290,444,272,446,257,448
13,433,33,433,55,435,94,432,118,431,142,430,166,429,164,446,141,447,120,448,95,449,55,452,32,450,13,450
256,448,272,446,286,447,299,444,317,444,332,444,348,446,348,463,332,462,318,461,298,461,287,465,272,463,256,465
16,453,26,452,55,452,71,450,90,450,112,450,135,450,136,469,113,469,90,469,72,469,55,471,26,471,16,472
14,471,233,466,234,488,14,493
129,492,179,492,179,508,129,508
16,497,27,494,40,494,48,491,65,492,72,492,86,493,88,512,74,511,65,511,49,510,41,513,26,513,16,516
237,508,252,508,252,523,237,523
18,511,41,511,41,529,18,529
325,538,335,538,342,539,356,538,365,537,373,537,383,536,380,556,370,557,366,557,354,558,344,559,334,559,324,558
237,544,298,544,298,561,237,561
18,551,27,550,42,550,67,549,80,550,96,550,112,551,111,568,95,567,79,567,67,566,43,567,26,567,17,567
139,565,169,565,193,566,224,562,269,561,292,562,319,563,320,581,293,580,270,579,224,581,193,584,171,583,140,583
24,568,34,568,43,568,56,567,73,567,81,567,95,567,96,586,82,586,73,586,57,586,42,587,35,587,25,587
330,579,339,578,343,578,354,577,361,577,372,578,380,578,379,595,370,594,361,593,353,593,347,594,335,594,327,595
235,581,304,581,304,598,235,598
17,592,37,589,65,587,104,585,134,585,162,586,188,587,188,602,163,601,133,599,105,600,66,601,37,604,17,606
142,605,161,604,192,601,222,601,267,598,290,599,317,598,317,616,290,616,267,616,222,618,193,618,162,621,143,622
25,604,95,604,95,621,25,621
335,615,377,615,377,634,335,634
233,619,302,619,302,634,233,634
18,623,125,621,125,638,18,640
137,636,167,636,191,636,224,636,264,634,286,633,316,632,316,649,286,651,266,651,224,653,191,653,169,654,138,653
24,639,102,636,102,654,25,657
20,677,79,674,80,690,20,694
327,686,375,686,375,705,327,705
18,694,143,692,144,707,18,710
16,709,120,707,121,725,16,728
319,740,377,740,377,761,319,761
14,746,77,746,77,763,14,763
323,784,332,781,340,780,350,778,359,779,369,780,378,782,378,798,369,796,359,795,348,794,342,796,330,797,321,800
12,782,148,782,148,801,12,801
129,848,269,848,269,882,129,882
75,896,329,896,329,917,75,917
141,936,191,936,191,967,141,967
73,984,344,984,344,1005,73,1005
139,1024,219,1024,219,1059,139,1059
66,1108,97,1106,141,1103,218,1105,257,1107,309,1107,340,1108,339,1126,308,1125,257,1125,217,1123,141,1121,98,1124,67,1126
58,1127,89,1126,132,1124,184,1124,249,1125,288,1127,319,1129,318,1146,287,1144,248,1142,184,1141,133,1141,89,1143,59,1144
154,1143,223,1143,223,1159,154,1159
56,1164,87,1163,132,1162,184,1162,247,1162,286,1164,317,1166,316,1184,285,1182,246,1179,184,1179,133,1179,87,1180,56,1181
103,1186,120,1184,161,1180,178,1180,209,1181,239,1184,261,1186,259,1201,237,1198,209,1196,178,1194,162,1194,121,1198,104,1200
7,1202,43,1201,109,1201,195,1197,255,1201,307,1201,343,1203,342,1222,306,1220,254,1220,194,1216,110,1220,43,1220,7,1222
