105,98,382,97,382,117,105,118
58,124,95,125,129,125,212,124,253,124,333,122,366,121,366,143,333,143,254,145,213,145,129,146,96,146,58,146
36,159,205,158,206,178,36,179
34,186,339,183,339,204,34,208
47,219,82,216,123,213,162,211,217,211,269,210,304,209,305,230,269,230,217,232,162,232,124,233,82,236,46,240
316,236,449,236,449,262,316,262
250,241,282,241,282,258,250,258
201,242,224,242,224,258,201,258
29,238,113,247,111,270,27,261
374,268,447,267,448,285,375,287
247,272,309,271,309,289,247,290
17,273,153,270,154,292,17,295
368,298,447,296,447,316,368,318
14,301,111,304,111,328,13,324
421,328,446,328,446,346,421,346
10,336,31,335,69,334,102,333,133,333,169,333,203,332,202,352,168,352,133,353,103,353,69,354,32,354,10,355
367,361,447,358,448,379,368,382
10,366,30,366,75,366,99,366,131,365,167,365,191,365,191,386,167,387,132,387,98,387,77,388,28,387,9,388
69,401,363,394,364,423,70,430
