150,47,168,47,191,47,212,47,239,47,262,45,280,45,281,58,263,59,239,61,212,60,191,61,168,60,150,60
148,67,166,68,189,68,218,69,239,68,266,66,284,65,284,75,266,77,240,78,218,79,189,78,166,78,148,77
55,80,60,81,61,82,65,82,72,82,73,92,78,93,82,84,77,83,71,92,66,92,61,91,56,90,51,89
128,109,299,110,298,132,128,130
216,138,240,136,257,135,287,133,309,131,340,129,352,128,353,141,340,142,311,144,287,146,259,148,240,149,216,151
62,129,70,129,83,131,93,131,103,132,117,134,123,136,122,147,116,146,102,144,92,143,83,143,69,141,60,141
140,132,199,135,199,148,139,145
63,149,83,150,118,151,169,154,213,155,253,156,274,156,275,168,254,168,212,167,169,166,118,163,83,162,62,161
314,169,320,168,328,169,337,167,346,168,355,166,361,165,361,177,355,178,347,180,337,179,329,181,320,180,314,181
159,173,164,172,167,172,172,172,176,171,180,173,185,173,186,183,181,182,176,181,171,182,167,181,163,182,158,182
236,177,241,176,248,174,253,174,261,173,267,173,272,173,273,183,268,183,262,183,255,184,248,184,241,186,236,187
78,188,102,190,138,191,189,193,255,194,290,192,314,191,315,205,291,206,255,208,188,207,137,205,101,204,77,202
314,210,359,210,359,223,314,223
156,214,161,214,163,213,168,214,172,213,178,214,183,214,182,223,176,223,173,222,168,223,163,223,159,223,154,223
228,213,271,213,271,227,228,227
48,229,75,230,127,232,161,233,209,235,257,237,284,238,284,253,258,252,209,251,160,248,126,247,74,245,48,244
310,254,317,254,325,253,336,254,344,252,352,252,361,250,358,262,350,264,346,264,336,266,327,265,316,267,310,267
153,254,158,254,161,254,166,254,170,253,175,255,180,255,179,265,174,264,170,263,165,264,161,264,156,264,151,264
226,255,269,255,269,268,226,268
62,270,86,272,124,273,177,277,244,278,273,276,297,275,297,289,273,290,244,292,176,291,123,287,85,286,61,284
149,295,154,295,157,296,164,296,166,296,174,297,181,298,176,306,169,306,168,306,162,306,158,306,153,305,148,305
311,296,357,296,357,309,311,309
223,297,267,297,267,311,223,311
51,312,75,314,112,315,171,320,203,319,262,321,286,321,286,335,262,335,203,333,170,334,112,329,74,328,51,326
147,337,173,337,173,350,147,350
222,340,265,340,265,353,222,353
311,340,356,340,356,353,311,353
35,356,307,364,307,380,34,372
143,383,149,383,150,382,156,382,160,382,166,382,172,382,170,393,164,393,161,393,155,393,152,393,146,393,140,394
218,384,262,384,262,397,218,397
308,385,354,385,354,398,308,398
38,401,65,403,129,404,168,406,224,407,298,410,325,411,324,426,297,425,224,422,168,421,129,419,65,417,38,416
26,422,35,422,55,423,64,424,80,425,98,426,109,427,107,439,96,438,80,438,63,436,55,435,34,435,26,434
222,430,229,429,235,429,242,429,249,429,256,429,263,430,263,443,257,442,249,442,242,442,235,442,227,442,220,443
24,442,79,442,79,457,24,457
96,446,113,446,113,458,96,458
136,448,142,448,147,447,151,448,155,447,161,448,166,448,166,459,160,459,156,459,151,459,145,458,141,459,135,459
220,450,226,451,233,451,239,451,246,451,255,451,262,451,260,464,253,464,247,464,240,464,232,464,225,464,218,463
297,453,354,453,354,469,297,469
17,468,23,471,36,472,45,475,54,474,63,473,71,471,72,484,63,485,55,486,44,487,35,484,22,483,16,480
113,477,130,477,130,489,113,489
21,489,28,490,42,493,54,493,63,493,76,494,84,494,83,509,75,509,61,508,54,508,41,509,26,505,18,504
299,504,356,504,356,520,299,520
15,519,24,519,38,521,49,521,58,521,68,522,77,522,77,539,68,539,56,538,49,538,38,539,23,536,14,536
297,531,304,533,319,535,326,536,335,535,349,536,356,535,355,549,348,550,336,549,326,550,316,549,302,546,295,544
12,541,112,545,111,562,11,558
167,551,175,551,183,551,185,551,194,553,194,566,202,566,207,552,199,552,192,567,185,566,180,566,174,566,166,566
296,558,304,558,318,559,328,559,334,559,348,560,356,562,354,577,347,575,334,574,328,573,317,574,303,573,295,573
11,567,105,573,104,591,10,585
304,585,354,587,353,604,303,602
12,604,38,606,55,608,89,609,122,611,155,614,179,615,177,630,154,628,121,625,89,624,55,623,38,621,11,619
10,626,36,629,60,632,88,634,128,635,150,637,176,639,173,656,147,654,127,652,87,651,59,649,35,646,9,643
5,654,12,655,29,656,44,657,56,658,66,659,77,660,76,672,65,672,56,670,43,670,27,668,10,667,4,667
328,674,346,674,346,688,328,688
2,675,13,677,32,679,56,682,76,683,90,684,107,685,106,700,88,700,76,698,55,698,31,694,12,692,1,691
306,698,347,698,347,714,306,714
4,704,15,704,30,706,51,706,75,708,90,709,107,710,105,725,88,723,74,722,49,721,30,721,12,719,1,718
0,725,17,726,45,728,71,728,98,731,128,733,155,735,152,750,126,748,98,747,70,744,45,743,16,741,0,740
294,746,344,748,343,765,293,762
