208,106,400,106,400,129,208,129
204,136,233,136,266,136,299,136,336,138,378,135,403,135,403,156,378,156,336,159,298,156,265,156,232,156,204,156
22,152,160,152,160,190,22,190
221,161,252,163,282,163,300,164,332,164,358,163,390,162,391,185,360,186,331,187,300,187,282,186,251,186,220,184
240,191,369,191,369,213,240,213
156,239,313,241,313,262,156,260
23,264,281,267,281,289,23,285
339,267,446,267,446,287,339,287
23,289,108,289,108,312,23,312
321,292,456,292,456,312,321,312
24,341,39,340,50,340,72,339,82,339,103,342,114,343,112,365,101,364,82,361,70,361,51,362,40,362,24,363
384,341,448,341,448,362,384,362
208,340,217,343,228,344,245,346,254,343,265,343,274,340,276,358,267,361,257,361,244,364,228,362,217,361,208,358
312,344,334,344,334,362,312,362
26,367,344,366,344,389,26,390
24,392,163,392,163,412,24,412
221,394,284,394,284,413,221,413
389,392,399,393,411,393,427,393,439,393,451,393,461,392,460,411,450,411,440,411,428,412,411,412,399,411,389,411
27,439,246,439,246,463,27,463
394,445,460,445,460,463,394,463
27,466,197,466,197,488,27,488
435,470,448,470,448,485,435,485
25,495,43,493,69,491,106,491,126,494,158,492,176,494,176,514,158,513,127,514,105,511,68,511,44,513,26,515
395,495,460,495,460,513,395,513
38,517,124,517,124,539,38,539
395,520,460,520,460,538,395,538
29,542,156,542,156,564,29,564
449,548,460,548,460,561,449,561
112,567,378,566,378,589,112,591
102,643,381,643,381,667,102,667
43,673,77,672,168,672,241,670,343,669,394,671,428,672,428,692,393,690,343,688,242,690,169,691,77,692,43,693
83,721,403,718,403,741,83,744
31,749,455,745,455,765,31,769
