209,81,378,90,377,110,208,101
181,110,389,115,389,132,181,127
166,169,392,173,391,199,165,194
72,197,154,205,152,222,71,215
178,203,201,203,201,218,178,218
221,204,258,204,258,218,221,218
286,205,455,205,455,224,286,224
78,227,106,227,177,228,245,227,324,231,404,232,432,233,433,250,405,248,324,248,244,244,176,244,106,243,78,243
200,252,206,253,211,252,217,253,224,252,229,255,235,255,237,266,231,266,222,263,218,264,210,263,205,264,199,263
406,255,458,255,458,271,406,271
296,257,350,257,350,274,296,274
67,277,94,278,169,278,231,283,304,284,376,285,404,285,404,301,376,300,304,300,230,299,168,294,94,294,67,293
191,304,226,306,225,321,191,319
396,308,451,308,451,323,396,323
286,309,342,309,342,325,286,325
64,326,92,328,168,332,232,336,274,338,353,339,381,340,381,356,354,355,274,354,231,352,167,349,91,344,64,342
134,357,146,357,146,370,134,370
187,360,211,360,211,373,187,373
388,362,444,359,445,376,389,379
275,361,284,362,294,362,309,362,317,362,327,362,336,362,338,379,329,379,317,380,308,380,295,379,283,379,274,378
49,381,81,383,124,385,180,387,219,390,251,390,283,392,283,409,251,408,218,407,179,405,124,403,80,400,49,398
124,413,134,413,134,426,124,426
171,414,207,414,207,428,171,428
380,414,388,415,396,415,408,416,422,414,433,414,441,413,439,429,430,430,422,430,410,432,397,431,386,431,378,430
269,417,326,417,326,433,269,433
40,439,68,440,113,442,155,443,199,444,254,447,282,449,282,465,254,464,199,460,155,460,112,458,67,457,39,456
161,470,196,470,196,484,161,484
371,471,380,470,390,470,401,470,414,470,424,469,433,468,431,486,422,486,413,487,403,487,392,488,380,488,371,488
115,472,123,472,123,482,115,482
261,471,316,471,316,488,261,488
36,505,62,505,62,522,36,522
134,509,146,509,146,524,134,524
359,528,426,528,426,546,359,546
34,529,80,533,79,551,33,548
353,555,361,556,377,555,386,557,402,554,413,554,425,552,424,568,413,570,404,570,387,573,376,571,362,573,354,572
28,559,39,558,61,557,73,557,90,558,106,558,121,559,121,575,106,574,89,574,72,573,62,573,39,575,28,575
195,557,204,557,212,557,217,557,228,558,230,574,239,573,244,557,235,557,226,575,219,574,212,574,203,574,194,574
358,586,417,584,418,603,359,606
29,591,107,589,108,608,29,611
57,636,198,631,199,651,58,656
27,667,40,667,61,668,75,668,90,666,107,665,124,662,125,680,109,682,93,684,73,685,62,685,40,685,27,684
382,686,401,686,401,703,382,703
14,703,53,703,53,717,14,717
353,719,361,718,368,718,375,717,384,715,392,716,400,717,402,733,394,732,385,731,375,733,371,734,358,733,350,735
13,732,22,732,35,733,50,732,69,732,81,730,94,728,94,746,81,747,70,749,50,749,37,750,22,750,13,750
10,765,89,762,90,781,11,784
329,777,338,777,349,778,361,777,371,775,385,775,394,773,394,791,385,792,374,793,361,795,351,795,339,795,330,795
7,798,20,796,59,796,81,791,100,791,127,789,154,787,153,806,126,807,101,809,84,809,58,814,21,814,9,816
30,835,61,835,119,833,213,829,279,822,319,822,350,820,352,838,320,840,281,841,214,847,120,851,62,853,30,853
169,862,229,858,230,876,170,879
