120,166,228,166,228,196,120,196
13,199,25,199,50,204,67,200,84,203,105,206,116,209,116,232,104,229,79,225,69,223,48,227,21,221,10,222
146,207,172,207,172,228,146,228
277,213,441,218,440,241,276,236
21,230,191,241,189,266,19,256
218,242,339,247,339,267,217,262
184,272,225,272,225,289,184,289
297,275,306,274,317,274,333,273,347,275,359,275,369,277,366,296,357,294,346,294,332,292,318,293,306,293,296,294
435,277,502,277,502,297,435,297
4,298,344,310,343,335,3,324
191,340,218,340,218,355,191,355
299,342,368,342,368,362,299,362
435,343,505,343,505,365,435,365
0,368,338,379,337,404,0,393
366,383,427,379,428,401,367,405
185,410,225,410,225,424,185,424
315,411,368,411,368,429,315,429
445,413,508,413,508,433,445,433
35,443,71,443,111,442,182,445,242,445,322,446,354,446,353,467,321,467,242,467,181,466,111,463,71,464,35,464
184,479,228,479,228,501,184,501
445,480,514,480,514,501,445,501
303,482,371,482,371,502,303,502
11,512,441,519,440,546,11,539
185,551,227,551,227,567,185,567
445,551,519,551,519,573,445,573
317,553,376,553,376,573,317,573
14,588,54,590,161,588,236,593,338,591,435,594,475,593,475,617,435,617,338,614,236,616,161,611,54,613,14,611
184,625,230,625,230,646,184,646
306,625,379,625,379,649,306,649
450,626,524,624,525,648,451,651
0,666,414,666,414,693,0,693
295,702,382,702,382,725,295,725
440,704,454,704,474,704,481,704,504,703,519,702,529,702,528,720,519,720,505,721,484,722,473,722,453,722,440,722
184,703,227,703,227,721,184,721
