184,95,381,97,381,116,184,115
194,119,372,122,371,141,194,138
39,128,158,132,157,164,38,161
204,143,358,145,358,165,204,163
224,167,336,167,336,185,224,185
151,206,287,208,286,226,151,224
32,221,59,223,103,226,137,227,181,228,226,229,254,230,253,246,226,245,181,244,136,243,102,242,58,239,31,237
307,229,398,229,398,246,307,246
32,242,43,244,58,245,69,246,84,245,97,247,111,246,110,262,95,262,84,261,69,262,56,260,41,259,30,257
290,250,407,249,407,265,290,267
33,285,49,285,57,284,75,286,85,286,103,289,112,290,110,307,101,306,83,303,73,303,57,301,48,302,32,302
191,290,199,292,207,292,224,294,230,292,239,291,247,289,249,304,241,306,233,307,220,309,209,308,198,307,190,306
341,292,349,292,359,291,372,291,381,290,391,291,399,290,396,305,389,306,382,305,374,306,358,306,349,307,341,307
280,293,297,293,297,306,280,306
35,302,65,306,129,309,155,311,206,312,257,312,288,311,287,328,257,329,206,328,155,328,128,326,64,323,34,319
30,327,48,328,73,328,92,329,110,330,136,331,153,332,152,348,135,347,109,346,91,345,73,343,47,343,29,343
200,334,254,334,254,349,200,349
349,334,403,334,403,348,349,348
35,347,65,348,119,351,179,351,240,352,300,354,331,354,330,372,300,371,240,370,178,369,118,369,64,366,34,365
32,369,150,373,150,391,31,387
199,376,206,376,216,376,229,376,238,375,247,376,255,376,255,391,247,391,239,390,229,391,216,391,206,391,198,391
349,376,403,376,403,392,349,392
33,410,220,415,220,434,32,429
347,418,402,418,402,434,347,434
32,430,176,435,175,455,31,450
381,440,392,440,392,454,381,454
26,455,44,455,66,455,97,455,115,456,135,456,159,457,159,473,135,472,114,472,98,471,65,470,44,470,26,470
345,460,401,460,401,476,345,476
39,474,113,476,113,494,39,492
344,481,400,481,400,497,344,497
29,497,43,496,61,496,87,496,108,496,123,499,141,502,140,518,123,515,106,511,88,512,60,512,44,512,30,512
389,503,398,503,398,515,389,515
100,516,130,518,174,519,209,521,261,519,288,519,319,518,318,535,288,537,261,536,209,538,174,536,130,535,100,533
85,578,111,578,156,580,208,580,243,582,293,584,323,585,323,603,293,601,242,599,208,598,155,598,111,596,85,596
57,603,84,602,155,602,208,602,277,603,347,605,374,606,374,622,347,621,277,619,208,618,155,618,84,618,57,619
79,643,109,643,153,643,197,643,259,646,296,644,326,643,325,661,295,661,258,663,197,660,153,660,109,660,79,661
39,666,66,665,136,665,196,665,257,667,345,668,372,668,371,684,344,683,257,682,196,680,136,681,66,681,39,681
