203,92,331,90,331,110,204,112
183,115,205,115,240,115,262,115,295,114,324,114,349,113,349,131,323,132,295,133,262,134,239,134,205,134,184,134
33,136,146,136,146,166,33,166
198,139,335,139,335,158,198,158
211,161,320,161,320,179,211,179
140,204,272,204,272,220,140,220
293,223,382,223,382,240,293,240
31,227,244,224,245,242,31,245
277,246,390,243,390,260,278,263
31,248,99,248,99,264,31,264
328,284,382,284,382,302,328,302
183,288,190,290,199,290,214,292,221,290,231,289,238,287,239,302,231,304,224,305,210,307,199,305,189,305,182,303
33,289,103,291,102,308,32,306
269,290,287,290,287,304,269,304
33,310,355,308,355,328,33,330
33,332,204,332,204,349,33,349
335,350,388,348,389,364,336,366
33,352,145,352,145,369,33,369
193,352,245,352,245,367,193,367
33,373,346,370,346,387,33,390
334,391,388,391,388,406,334,406
33,393,145,393,145,409,33,409
192,393,245,393,245,408,192,408
333,413,388,410,389,426,334,429
33,414,54,414,54,429,33,429
42,433,72,433,122,434,188,433,237,432,275,432,305,432,305,448,275,449,237,449,188,449,122,450,72,449,42,449
33,453,145,453,145,470,33,470
201,453,245,453,245,468,201,468
334,453,387,453,387,468,334,468
29,472,55,473,97,472,123,474,163,475,196,474,226,473,226,490,196,490,164,492,123,491,97,489,55,490,29,489
333,494,387,492,387,508,334,510
33,494,143,494,143,511,33,511
201,494,245,494,245,509,201,509
33,532,211,532,211,550,33,550
334,533,387,533,387,549,334,549
33,553,170,551,171,570,33,572
325,555,379,555,379,570,325,570
32,575,152,572,153,590,33,593
333,575,340,575,349,576,358,574,372,576,382,576,389,576,387,590,380,590,372,590,359,588,348,590,339,589,332,589
40,595,111,595,111,612,40,612
334,595,387,595,387,611,334,611
33,614,136,614,136,632,33,632
101,635,317,632,317,650,101,653
31,679,46,678,77,676,103,677,128,677,154,677,177,677,176,693,154,693,129,693,103,693,78,692,46,694,31,695
249,677,385,679,385,694,249,692
33,697,241,695,242,712,33,714
370,701,379,701,379,713,370,713
31,718,145,718,145,735,31,735
240,718,387,718,387,735,240,735
92,775,320,779,320,797,92,794
44,798,70,799,146,800,212,800,280,800,339,801,365,802,364,816,338,816,280,814,212,814,146,815,70,813,44,813
87,839,113,839,153,838,197,839,254,840,297,840,323,840,322,856,296,855,254,856,197,854,153,854,113,854,87,854
37,859,63,859,128,859,194,858,254,860,339,862,365,863,364,877,338,877,254,875,194,873,128,874,63,874,37,874
