108,93,154,98,200,103,254,105,299,103,359,97,393,92,396,122,363,127,302,133,254,135,198,133,150,128,104,122
119,131,145,135,199,140,244,141,284,141,330,137,356,134,358,148,332,151,285,156,244,156,198,155,143,150,117,146
290,152,294,152,294,158,290,158
248,153,253,153,253,158,248,158
191,163,215,163,215,179,191,179
261,166,289,165,290,183,262,185
70,180,97,182,171,185,257,188,316,186,362,183,390,180,391,196,364,199,317,202,257,204,170,201,96,198,68,196
58,198,74,198,96,202,112,201,139,205,162,205,174,206,174,223,162,222,138,222,112,217,93,219,71,215,55,214
56,216,148,226,146,243,54,234
114,255,173,258,172,273,113,270
374,258,420,256,420,271,375,273
267,262,274,262,282,263,288,262,294,262,300,261,307,261,308,274,301,274,295,274,288,275,282,275,275,275,268,275
220,261,236,261,236,274,220,274
78,281,195,285,194,300,77,296
59,291,66,291,66,303,59,303
368,294,418,294,418,308,368,308
263,296,308,296,308,310,263,310
76,299,150,301,149,318,75,315
71,323,158,325,158,340,71,338
357,328,414,328,414,343,357,343
68,354,168,355,168,370,68,369
355,359,412,361,411,376,354,374
66,372,191,372,191,388,66,388
353,378,410,380,409,396,353,394
63,391,131,391,131,407,63,407
398,402,409,402,409,415,398,415
63,413,171,413,171,428,63,428
358,421,409,424,408,440,357,437
