312,417,468,413,468,431,312,434
287,447,315,445,346,442,393,442,422,441,452,440,480,438,480,454,452,456,423,457,393,459,346,459,316,462,288,463
199,474,217,474,217,486,199,486
284,503,499,499,499,525,285,530
316,535,348,534,374,533,442,535,488,532,525,531,557,529,558,547,526,549,488,550,443,553,374,551,348,552,316,552
204,542,219,540,229,539,243,538,255,538,270,539,279,540,278,556,270,556,253,554,243,554,231,555,218,556,203,558
199,563,509,558,509,577,199,583
525,582,581,582,581,600,525,600
419,584,473,584,473,602,419,602
332,589,361,589,361,600,332,600
293,591,301,591,301,600,293,600
199,619,224,618,269,617,330,616,365,617,412,615,440,616,441,632,413,631,365,633,329,631,269,633,224,634,199,634
528,638,582,638,582,656,528,656
420,640,474,640,474,656,420,656
334,643,363,643,363,655,334,655
205,671,233,671,315,670,352,670,421,670,478,669,506,669,506,685,478,685,421,686,352,686,315,686,234,687,206,687
331,695,337,696,341,696,348,696,354,695,360,696,367,696,367,709,360,709,354,708,347,709,342,708,336,708,329,708
422,694,476,694,476,712,422,712
530,694,584,694,584,712,530,712
197,726,205,728,217,730,233,733,241,731,254,730,262,727,262,743,253,746,243,747,232,749,216,747,206,745,198,742
199,748,214,752,224,754,235,755,254,752,266,754,281,753,279,769,264,770,254,769,237,771,222,770,213,768,198,764
535,753,589,753,589,769,535,769
201,774,317,774,317,790,201,790
535,777,591,777,591,795,535,795
388,779,422,779,422,795,388,795
247,809,279,809,330,809,394,810,457,813,522,810,555,810,554,829,522,829,457,831,393,828,330,827,279,828,247,828
343,839,362,839,381,840,399,840,417,840,437,839,455,838,455,854,437,855,418,856,400,856,380,856,361,856,343,855
255,857,535,861,535,880,255,876
