62,125,513,128,513,158,62,154
257,164,313,160,315,186,259,190
50,196,176,200,176,220,49,216
191,198,209,201,235,202,261,205,290,202,328,202,345,199,345,219,327,221,290,222,262,224,234,221,210,220,192,218
370,199,390,201,424,201,443,204,470,202,498,201,525,198,524,218,496,221,470,222,444,224,422,222,389,222,370,219
201,228,371,228,371,250,201,250
189,256,382,256,382,275,189,275
147,288,421,290,421,313,147,311
207,327,353,327,353,345,207,345
31,357,185,359,185,375,30,373
42,394,66,393,112,391,174,392,233,392,282,394,305,395,305,408,281,407,233,406,174,405,112,404,66,406,43,407
32,423,55,424,87,424,122,424,165,425,213,425,233,425,233,439,212,438,165,439,122,438,87,438,54,437,31,437
387,463,405,463,405,478,387,478
104,471,181,471,181,487,104,487
234,472,256,472,256,489,234,489
306,474,335,474,335,490,306,490
459,474,480,474,480,490,459,490
379,484,411,484,411,502,379,502
69,520,192,520,192,536,69,536
453,529,514,527,515,545,453,547
304,529,369,529,369,547,304,547
69,540,185,540,185,559,69,559
64,569,88,570,110,571,124,571,146,572,170,570,193,569,192,584,168,585,146,586,123,585,110,585,87,585,64,584
39,578,48,578,48,593,39,593
452,578,513,578,513,596,452,596
303,579,365,579,365,596,303,596
65,595,105,590,107,610,68,614
408,624,517,622,517,654,409,656
32,628,235,625,236,651,32,655
35,664,107,666,106,681,34,680
444,664,452,664,465,663,479,664,492,665,510,664,519,664,519,680,510,680,492,681,478,680,465,680,451,680,443,680
32,700,161,700,161,728,32,728
487,704,516,704,516,730,487,730
173,749,203,752,231,753,274,757,302,753,334,753,364,749,364,766,334,770,303,770,274,774,230,770,202,769,172,766
151,805,181,805,227,804,286,805,332,805,400,807,429,808,429,824,399,824,332,822,286,822,226,821,181,821,151,821
