1335,65,1382,65,1382,248,1335,248
1405,61,1444,62,1431,895,1391,894
1297,67,1337,68,1331,503,1291,503
1171,73,1214,74,1207,215,1165,213
1084,77,1129,77,1124,767,1078,767
1040,80,1080,80,1080,220,1040,220
953,83,998,83,1002,733,956,733
913,86,956,86,956,226,913,226
777,93,819,92,830,611,788,612
624,99,667,99,667,385,624,385
664,96,711,95,722,593,675,594
449,109,535,105,564,774,478,778
497,105,534,105,534,173,497,173
1553,118,1596,118,1596,251,1553,251
1643,110,1687,112,1680,361,1636,360
1207,120,1256,121,1251,804,1202,804
29,125,76,122,118,819,71,822
583,142,624,142,624,279,583,279
540,145,577,145,577,279,540,279
410,152,447,152,447,198,410,198
329,155,400,155,400,201,329,201
288,161,323,161,323,251,288,251
1510,185,1550,186,1531,805,1491,804
1866,182,1902,183,1883,606,1847,605
742,202,781,205,772,297,733,294
369,223,400,223,400,267,369,267
413,220,441,220,441,267,413,267
1127,229,1167,229,1167,347,1127,347
1000,236,1040,236,1040,354,1000,354
1770,237,1816,239,1799,718,1753,717
872,242,916,242,916,444,872,444
1728,237,1765,239,1756,464,1718,462
1551,272,1593,273,1578,870,1536,869
1683,264,1720,264,1720,332,1683,332
1593,270,1636,270,1636,428,1593,428
288,270,316,270,316,319,288,319
329,270,363,270,363,335,329,335
546,301,583,301,583,388,546,388
1447,307,1481,307,1481,456,1447,456
279,336,322,333,345,738,302,741
1681,352,1721,354,1710,591,1670,589
326,354,363,354,363,444,326,444
1329,372,1376,372,1376,462,1329,462
745,381,786,382,782,612,742,611
1127,382,1167,382,1167,431,1127,431
208,385,242,385,242,515,208,515
1000,388,1040,388,1040,437,1000,437
1891,388,1932,388,1932,540,1891,540
552,410,583,410,583,478,552,478
1166,399,1212,400,1207,618,1161,617
1635,418,1677,419,1674,597,1631,596
1040,428,1084,428,1084,624,1040,624
916,434,959,434,959,630,916,630
170,447,205,447,205,602,170,602
1587,465,1633,465,1633,683,1587,683
1444,487,1478,487,1475,748,1441,748
1721,498,1764,500,1756,718,1712,717
1332,500,1376,500,1376,714,1332,714
596,515,627,515,627,580,596,580
512,518,549,518,549,580,512,580
552,515,596,515,596,565,552,565
212,534,251,533,258,729,219,730
1627,608,1671,608,1671,866,1627,866
180,621,211,621,211,686,180,686
1674,608,1711,608,1711,633,1674,633
1671,649,1708,649,1708,674,1671,674
1292,667,1329,667,1329,919,1292,919
1164,733,1208,733,1208,931,1164,931
1043,742,1087,742,1087,934,1043,934
1332,748,1376,748,1376,922,1332,922
794,755,837,754,840,950,798,951
922,767,959,767,959,938,922,938
649,764,689,764,689,956,649,956
519,792,562,790,570,965,528,967
761,866,792,866,792,885,761,885
78,876,120,873,129,981,87,984
