233,235,504,240,503,266,233,262
198,287,241,284,292,282,373,280,427,282,477,282,520,283,520,308,476,307,427,308,373,306,292,307,240,309,197,312
14,323,60,323,60,345,14,345
182,380,561,380,561,424,182,424
532,440,680,440,680,467,532,467
212,441,248,441,248,465,212,465
284,441,344,441,344,467,284,467
391,440,405,441,424,442,441,442,464,445,487,440,500,439,502,465,489,467,464,472,443,469,422,469,404,467,390,466
38,439,170,446,169,474,37,467
31,484,82,485,185,484,327,490,395,485,523,488,574,485,574,514,523,516,395,514,326,519,185,513,83,514,31,512
605,529,619,529,636,530,651,529,674,528,692,529,706,529,703,555,690,555,673,554,656,555,633,556,618,555,604,555
264,531,318,531,318,553,264,553
418,531,432,530,456,532,468,530,483,529,501,529,514,528,514,555,501,555,483,555,470,556,454,558,431,556,417,557
31,581,82,580,164,579,258,579,382,578,483,583,534,585,534,615,483,613,382,609,258,609,164,609,83,611,31,611
416,624,431,624,451,624,470,624,486,623,503,623,517,622,517,651,502,652,487,652,474,652,447,652,432,652,417,652
605,624,620,624,637,624,653,623,674,623,692,623,707,623,705,652,690,652,673,652,656,651,634,652,620,652,605,653
264,627,320,627,320,649,264,649
7,685,21,687,46,687,72,693,92,691,110,689,131,684,135,713,114,718,93,721,72,722,41,716,21,717,6,715
235,696,251,696,251,716,235,716
611,725,624,725,644,726,660,726,681,724,699,724,713,723,709,751,696,752,682,751,665,753,640,753,625,753,611,752
10,725,172,736,170,773,7,762
612,773,626,774,646,774,658,774,683,772,700,772,714,772,712,799,698,800,684,799,664,801,641,801,627,801,613,800
9,774,225,774,225,804,9,804
356,777,420,775,421,804,357,807
59,844,115,843,260,841,346,839,462,840,591,835,646,834,648,866,592,867,463,872,346,871,260,873,114,875,59,876
273,893,302,892,347,894,376,892,404,892,446,889,475,888,476,920,447,920,406,923,380,923,346,926,301,924,272,925
138,930,185,932,288,931,376,935,449,928,522,925,569,920,571,948,524,953,450,955,376,962,289,958,185,960,137,957
