373,138,521,132,522,153,374,159
349,160,538,155,539,176,350,181
358,188,388,186,418,183,434,184,466,185,493,182,523,180,525,198,495,200,466,202,434,202,419,201,388,204,357,205
171,187,300,187,300,216,171,216
372,210,501,205,502,225,373,230
284,255,438,251,438,269,284,273
462,273,571,268,572,285,463,290
151,280,402,276,402,294,151,298
439,296,578,290,579,308,439,314
147,302,156,302,173,302,185,302,203,302,215,302,231,301,231,318,215,318,203,319,187,318,172,318,156,318,147,318
494,342,505,341,520,340,528,340,544,340,557,338,567,337,566,351,555,353,546,354,529,354,521,355,503,356,493,357
318,345,327,346,338,346,355,346,364,346,377,343,386,342,387,360,378,361,367,363,352,363,338,363,327,363,318,362
422,343,444,343,444,359,422,359
142,348,224,348,224,365,142,365
173,369,203,370,259,371,333,369,402,368,456,365,487,364,487,380,457,382,403,384,333,386,259,388,204,387,173,386
133,393,337,391,337,409,133,411
499,411,566,409,567,426,500,429
128,414,261,414,261,433,128,433
320,414,382,414,382,432,320,432
486,435,566,435,566,452,486,452
125,439,148,439,148,455,125,455
116,483,334,483,334,503,116,503
492,484,562,484,562,501,492,501
111,507,280,507,280,528,111,528
467,510,549,510,549,528,467,528
106,532,253,532,253,552,106,552
487,537,558,537,558,554,487,554
113,557,198,557,198,577,113,577
484,562,558,562,558,582,484,582
97,582,226,582,226,602,97,602
493,589,557,589,557,610,493,610
177,608,211,609,264,609,307,612,372,611,406,612,440,612,439,631,405,631,372,630,307,631,263,628,212,629,177,627
150,684,181,684,253,688,295,689,353,693,417,698,451,702,450,721,416,718,351,713,294,708,253,708,180,704,150,703
87,714,122,713,204,715,294,715,416,724,476,729,510,732,509,752,475,749,415,744,293,735,203,735,121,733,87,734
131,767,165,767,221,768,277,770,341,775,408,782,442,787,441,806,406,802,338,795,276,790,220,787,165,787,130,786
73,793,108,793,193,796,271,797,394,810,466,815,500,819,498,838,464,835,393,829,270,817,192,815,107,812,73,813
