240,109,282,110,322,109,346,111,397,110,431,111,468,110,466,133,430,134,397,133,346,134,323,133,280,133,239,132
261,141,288,140,312,140,357,139,382,140,422,141,445,141,443,162,420,161,382,160,358,159,312,160,287,160,260,161
56,149,201,154,200,190,55,186
257,166,288,167,320,168,354,167,386,168,418,166,441,166,442,186,419,186,386,188,354,187,320,187,287,187,256,186
279,194,416,194,416,215,279,215
187,240,208,241,238,242,270,242,294,243,323,242,351,243,352,262,324,261,293,261,270,260,238,261,208,259,187,259
49,261,318,269,318,290,49,282
373,269,392,267,412,266,427,265,447,264,467,265,486,265,485,281,467,281,448,281,427,281,413,282,392,284,374,286
46,284,63,286,76,286,87,288,107,288,120,288,137,288,136,306,120,306,107,306,88,306,74,303,61,304,45,302
354,292,483,289,484,307,355,310
44,337,61,336,70,335,95,336,106,335,127,338,137,338,135,357,126,357,105,353,93,355,71,353,60,354,43,355
412,338,421,338,434,337,447,338,458,336,470,337,482,336,478,352,466,353,460,352,449,354,433,354,421,355,412,355
236,337,244,339,254,341,273,341,283,339,293,339,305,338,305,354,294,355,286,355,270,356,256,356,242,355,234,353
340,339,362,339,362,356,340,356
50,358,82,359,166,360,261,362,301,363,373,362,405,363,405,381,373,381,301,381,261,381,166,379,81,378,49,377
44,384,185,384,185,403,44,403
419,386,481,384,481,400,420,402
357,386,367,386,367,401,357,401
254,387,309,387,309,404,254,404
43,429,266,429,266,450,43,450
414,431,477,431,477,447,414,447
41,452,212,452,212,472,41,472
452,455,464,455,464,469,452,469
40,474,189,474,189,495,40,495
410,477,472,477,472,493,410,493
50,498,136,498,136,517,50,517
399,499,470,499,470,516,399,516
39,520,167,520,167,541,39,541
404,522,412,522,423,523,440,523,451,522,462,522,471,522,469,537,461,538,452,538,440,538,423,538,411,538,403,537
123,542,155,543,205,543,257,543,306,543,339,542,371,541,371,559,339,560,307,562,257,561,205,562,156,561,124,560
105,609,379,611,379,631,105,630
51,636,80,635,180,634,240,634,330,635,390,635,419,635,419,651,390,651,330,651,240,649,180,650,80,651,51,652
83,674,395,679,395,698,83,694
46,696,78,697,153,698,223,699,294,700,395,702,427,702,427,720,395,720,293,718,223,717,153,716,78,715,46,714
