152,35,286,31,286,48,153,51
174,57,182,56,198,54,219,53,231,53,248,53,263,53,265,65,249,65,231,65,219,65,198,66,182,68,174,69
154,72,283,68,284,83,154,87
42,70,129,70,129,95,42,95
175,89,258,89,258,103,175,103
122,122,221,122,221,136,122,136
236,137,303,135,304,150,237,152
38,139,201,138,201,152,38,154
222,153,310,153,310,167,222,167
35,158,43,157,54,156,62,156,74,157,82,157,90,158,91,169,82,168,74,168,63,168,54,168,43,168,35,169
261,185,303,185,303,200,261,200
35,190,46,189,52,189,66,188,73,189,87,190,93,192,92,204,86,202,72,200,65,199,54,201,45,201,34,202
151,188,192,188,192,202,151,202
218,190,229,190,229,200,218,200
36,204,218,204,218,218,36,218
258,219,265,219,275,219,282,219,290,219,302,218,309,217,309,230,302,231,291,232,281,232,276,232,264,232,257,232
35,221,122,221,122,234,35,234
149,221,160,221,166,222,174,221,182,221,192,221,198,221,199,232,193,232,181,232,173,232,167,233,159,232,149,232
259,235,268,236,274,236,281,236,290,236,301,236,307,235,306,246,300,247,289,247,281,248,274,248,267,247,259,246
36,238,51,238,51,248,36,248
37,252,58,252,103,252,152,253,193,252,242,251,263,251,263,263,242,263,193,264,152,265,103,264,57,264,37,264
256,266,263,267,274,267,281,267,289,267,298,266,305,265,307,278,300,279,287,280,281,281,275,280,263,280,256,279
33,268,44,268,56,268,75,268,89,268,109,268,122,268,122,281,109,281,89,281,75,281,56,281,43,281,33,281
148,269,158,269,165,269,172,269,181,269,191,268,197,268,198,279,192,280,180,280,172,280,165,280,158,280,147,280
32,283,241,283,241,297,32,297
259,300,266,299,274,299,283,298,292,299,300,299,307,300,305,313,298,312,292,312,282,310,275,312,266,312,259,313
32,300,42,300,56,300,74,300,88,300,108,300,120,300,120,313,107,313,88,313,74,313,56,313,42,313,32,313
153,302,159,301,166,300,174,300,183,300,189,300,195,301,196,312,190,312,183,312,173,311,167,312,158,312,152,313
30,315,55,316,107,316,151,316,197,315,254,314,278,313,278,327,254,328,197,328,151,330,107,329,55,329,30,329
260,332,267,331,273,330,284,329,291,330,298,330,305,330,304,343,297,343,290,343,284,343,275,343,265,344,258,345
28,331,40,331,54,331,73,331,94,331,106,331,119,331,119,344,106,344,93,344,72,344,54,344,41,344,28,344
150,335,157,333,165,333,172,332,180,333,189,333,194,334,195,343,190,342,180,342,172,341,165,342,156,342,149,344
31,346,49,346,66,347,97,347,124,347,139,347,163,347,163,360,138,360,124,360,97,360,66,360,49,359,30,359
261,361,302,361,302,375,261,375
29,363,116,363,116,377,29,377
151,363,194,363,194,377,151,377
29,380,161,380,161,394,29,394
259,394,302,394,302,408,259,408
25,396,38,396,52,395,70,395,90,395,103,395,116,395,116,408,103,408,90,408,71,408,52,408,38,409,25,409
148,396,154,396,163,396,171,395,180,396,188,396,194,396,192,407,186,407,180,407,170,406,162,407,154,407,148,407
26,411,191,411,191,425,26,425
258,428,264,427,271,427,280,427,288,427,295,427,301,428,301,439,295,438,288,438,280,438,272,438,263,438,257,439
25,428,114,428,114,442,25,442
149,430,155,429,161,428,170,428,178,428,186,428,192,429,192,440,186,439,179,439,169,439,163,439,153,440,147,441
25,445,133,445,133,459,25,459
147,461,153,460,159,460,169,459,177,459,184,460,190,461,190,472,184,471,178,470,167,470,162,471,152,471,146,472
255,460,262,459,270,458,279,458,287,459,295,459,302,460,302,473,295,472,288,472,278,471,270,471,261,472,254,473
21,464,35,463,48,461,67,460,83,461,100,461,114,462,114,474,100,473,82,473,67,473,49,473,35,475,22,477
22,478,46,478,80,477,124,476,164,476,191,476,216,477,216,491,191,490,165,490,124,489,80,491,46,491,22,492
256,490,299,490,299,505,256,505
144,492,151,492,159,492,169,491,176,492,184,492,191,492,191,505,184,505,178,505,167,504,160,505,151,505,144,505
22,493,110,493,110,507,22,507
21,524,163,524,163,540,21,540
248,524,255,524,265,524,275,524,281,524,294,524,301,524,300,537,293,537,280,537,276,537,266,537,254,537,247,537
21,541,129,541,129,557,21,557
248,542,254,542,261,542,272,542,279,542,286,542,294,542,295,553,287,553,280,553,271,553,262,553,253,553,247,553
249,557,299,557,299,571,249,571
19,558,114,558,114,574,19,574
248,574,297,574,297,588,248,588
25,577,80,577,80,591,25,591
262,591,297,591,297,605,262,605
24,594,61,594,61,608,24,608
276,608,297,608,297,621,276,621
17,610,99,610,99,625,17,625
69,627,243,624,244,639,69,642
12,662,25,662,50,661,70,662,91,662,111,662,132,662,132,675,110,675,91,675,70,675,50,674,25,675,12,675
190,662,296,662,296,673,190,673
12,678,181,676,181,692,12,694
276,681,290,681,290,692,276,692
178,695,296,695,296,710,178,710
11,696,102,696,102,710,11,710
55,748,242,750,242,766,55,764
7,768,296,769,296,784,7,783
39,803,255,805,255,820,39,818
2,821,289,823,289,838,2,835
