135,208,332,208,332,238,135,238
439,246,562,247,562,272,439,270
223,252,272,249,273,269,224,271
316,250,359,250,359,268,316,268
15,253,128,249,129,279,16,282
28,284,570,280,570,306,28,310
499,314,578,312,579,334,499,337
338,316,369,319,368,334,337,332
4,353,370,353,370,381,4,381
406,354,547,354,547,377,406,377
500,385,581,385,581,407,500,407
206,390,251,390,251,405,206,405
12,433,20,435,33,438,45,439,61,438,77,435,86,433,87,451,78,453,63,455,46,457,31,456,17,453,8,450
506,462,587,462,587,484,506,484
15,468,30,469,44,469,60,469,78,465,104,469,115,468,114,490,103,490,77,486,61,490,44,491,26,490,11,489
12,503,32,502,67,500,84,500,112,499,137,499,164,500,163,515,136,515,113,515,84,516,68,515,32,518,12,519
506,499,589,499,589,522,506,522
279,500,335,500,335,522,279,522
160,554,291,554,291,581,160,581
18,785,42,785,81,786,111,786,136,786,168,788,200,790,199,811,166,810,135,807,111,807,81,808,42,806,18,807
