330,320,386,318,386,334,330,336
28,323,41,322,50,321,68,322,76,321,94,325,101,326,100,339,93,338,75,335,67,335,49,335,41,335,29,336
181,322,188,323,197,323,213,324,216,323,231,322,238,321,238,335,231,336,218,337,210,338,198,337,188,337,181,336
270,322,287,322,287,336,270,336
27,339,42,341,69,341,96,343,127,344,153,343,177,343,176,358,152,358,127,359,96,358,68,356,41,356,26,354
28,360,141,363,141,380,27,376
337,361,393,361,393,376,337,376
190,362,245,362,245,378,190,378
28,380,365,380,365,398,28,398
28,401,100,401,100,417,28,417
28,420,141,423,141,439,27,436
190,422,243,422,243,438,190,438
336,422,392,422,392,438,336,438
28,459,210,459,210,477,28,477
329,462,392,462,392,477,329,477
28,478,168,478,168,497,28,497
372,485,382,485,382,497,372,497
25,501,40,501,61,500,93,501,112,501,135,502,150,503,150,518,136,518,112,517,92,516,60,516,40,516,25,517
327,502,390,502,390,518,327,518
36,520,106,520,106,536,36,536
327,523,390,523,390,537,327,537
26,539,133,539,133,557,26,557
344,543,389,543,389,558,344,558
96,560,124,561,166,561,200,562,237,561,279,561,306,560,306,576,278,577,237,577,200,578,165,576,124,577,97,576
26,598,173,599,173,617,26,615
25,620,239,620,239,637,25,637
23,639,138,639,138,656,23,656
238,641,389,644,389,661,237,658
84,697,318,704,317,722,83,716
33,719,61,719,129,721,199,721,269,724,337,725,365,726,364,742,337,741,269,740,199,737,129,737,61,735,33,735
65,757,336,764,335,781,65,775
22,778,378,785,377,802,22,794
