152,100,330,88,331,108,153,120
133,138,161,134,206,129,244,126,279,123,313,121,341,119,342,135,314,137,280,139,245,142,207,145,161,150,134,154
28,162,58,162,58,176,28,176
131,195,370,186,371,214,132,222
353,225,455,220,456,237,354,242
262,226,270,227,282,228,295,228,308,230,323,225,331,224,333,240,325,241,309,246,295,244,282,244,269,243,261,243
196,230,232,230,232,246,196,246
48,229,129,234,128,251,47,247
152,232,175,232,175,247,152,247
69,259,97,258,155,257,224,255,316,254,381,253,409,253,410,269,382,269,317,270,225,272,155,273,97,275,69,275
405,278,414,278,427,278,439,278,453,277,467,277,476,277,474,295,465,295,454,295,442,295,424,296,414,296,405,296
280,279,289,279,301,280,313,280,326,279,336,278,345,278,344,296,335,296,327,296,315,297,298,297,288,297,280,296
186,283,218,283,218,296,186,296
58,311,91,311,159,311,226,312,328,313,378,313,411,313,411,331,378,331,328,331,227,331,159,329,91,330,58,329
285,337,294,338,307,338,317,338,330,338,341,337,351,337,349,356,340,356,330,357,320,357,304,357,294,357,285,356
410,338,420,338,433,338,445,338,459,338,472,338,482,338,481,357,471,357,460,357,448,357,430,357,420,357,410,357
189,340,223,340,223,353,189,353
40,371,50,372,63,372,80,375,90,374,100,373,110,370,113,389,103,391,91,393,78,394,61,391,50,391,40,390
174,379,184,379,184,393,174,393
43,395,61,397,79,401,92,400,106,401,123,403,141,404,142,420,124,419,105,417,93,416,77,417,61,413,43,411
418,403,427,403,440,405,455,405,467,405,480,405,489,405,488,422,479,423,467,422,456,423,437,422,426,421,417,420
43,421,66,422,90,424,112,423,132,425,160,424,173,424,172,442,159,442,132,443,111,441,90,442,65,440,42,439
251,431,292,431,292,449,251,449
420,433,430,434,443,436,458,436,470,436,483,436,492,435,491,454,482,455,470,455,459,455,440,454,429,453,419,452
105,463,140,464,188,465,267,469,360,472,419,475,454,476,453,496,418,495,359,492,266,489,187,485,140,484,104,483
206,498,226,499,250,502,270,501,288,503,312,502,332,503,331,520,312,520,288,521,271,519,248,519,224,516,204,515
113,518,428,532,427,551,112,537
