117,84,273,83,273,102,117,103
95,116,123,115,151,113,198,113,226,113,256,111,285,109,285,126,256,127,227,129,198,129,152,130,123,131,94,133
6,139,24,139,24,152,6,152
86,172,115,174,149,175,200,175,228,175,262,172,300,169,302,192,263,195,228,198,201,198,149,197,115,196,86,195
207,209,232,207,252,206,288,204,309,201,341,200,366,198,367,212,341,215,310,216,288,218,254,221,232,222,207,224
13,202,86,207,85,224,12,219
109,205,181,206,180,222,109,221
10,227,38,228,113,229,175,230,213,233,267,229,296,230,297,247,268,246,214,250,174,246,112,245,38,245,10,244
324,250,331,250,341,249,352,250,364,247,374,247,381,245,380,260,373,261,365,262,354,264,342,264,331,265,323,264
136,255,167,255,167,268,136,268
222,255,274,255,274,272,222,272
18,280,46,282,102,283,184,284,218,285,295,282,323,282,324,299,296,298,219,302,183,300,102,299,46,298,17,297
324,304,333,303,342,302,354,302,364,301,376,300,385,300,383,318,374,318,365,319,357,319,341,320,332,321,323,321
221,308,274,306,275,324,222,326
135,309,165,309,165,322,135,322
11,338,262,337,263,355,11,356
327,358,385,356,385,374,328,376
217,363,226,363,236,362,249,361,257,361,267,361,275,360,275,376,267,377,258,377,251,377,236,378,226,378,218,379
139,364,160,364,160,377,139,377
39,392,71,392,117,391,165,391,214,392,265,389,297,388,298,406,266,407,215,410,166,409,117,409,71,410,39,410
229,417,238,416,245,417,252,415,261,415,271,415,280,415,279,433,270,433,262,433,255,433,246,435,237,434,228,435
25,416,34,418,50,419,60,421,74,418,83,419,95,418,94,435,83,436,74,435,61,438,49,435,35,435,26,433
330,441,338,441,348,441,358,441,372,441,381,441,390,440,389,456,381,457,372,457,360,457,348,457,338,457,329,457
127,443,165,443,165,459,127,459
229,444,237,443,243,445,252,443,260,443,270,443,278,443,277,459,269,459,260,459,254,458,244,460,235,459,227,459
26,446,63,446,63,464,26,464
22,477,58,476,115,475,178,474,245,473,317,471,352,469,353,489,318,490,245,492,179,494,115,495,58,496,23,497
230,501,239,501,246,502,254,500,262,500,272,500,281,499,281,517,272,517,263,518,257,518,246,519,238,519,229,519
20,505,30,505,47,506,56,506,68,503,83,503,96,501,91,519,78,521,73,520,56,524,47,524,31,524,21,523
128,532,136,531,145,531,147,530,155,531,164,525,171,521,174,536,167,539,159,545,151,545,143,546,135,546,127,547
334,528,394,528,394,549,334,549
228,529,237,529,245,530,253,529,263,528,271,528,281,528,281,545,272,546,263,546,255,547,245,547,235,547,226,547
22,533,59,533,59,554,22,554
28,572,55,572,55,589,28,589
102,572,123,572,123,588,102,588
330,593,399,593,399,619,330,619
28,597,78,600,77,617,28,615
330,632,400,632,400,650,330,650
27,636,67,636,67,654,27,654
21,663,36,662,48,662,69,661,81,660,97,659,112,658,109,678,95,679,82,679,70,680,49,682,38,682,24,683
178,662,217,662,217,679,178,679
329,662,338,662,356,662,363,663,381,662,393,663,402,663,402,681,392,681,382,680,363,681,355,680,337,680,328,679
33,701,46,699,54,696,68,697,79,695,91,695,104,694,106,713,93,713,79,714,68,715,56,715,46,717,33,720
337,694,347,695,359,695,368,695,381,695,395,696,405,696,403,716,393,715,381,714,369,715,358,715,346,714,336,714
27,743,62,739,127,734,225,732,289,733,335,734,370,736,369,756,334,754,289,754,225,752,128,754,64,759,29,763
132,767,150,767,175,768,194,766,212,766,236,765,255,765,255,785,237,785,213,786,196,786,175,788,150,787,131,787
47,801,82,800,144,795,191,795,232,793,303,792,338,792,338,811,303,812,232,813,191,815,145,814,83,820,48,821
