287,435,332,435,332,465,287,465
147,459,161,460,177,460,200,462,215,461,230,461,244,460,243,480,228,481,216,481,199,482,176,480,161,480,146,479
296,465,341,465,341,486,296,486
291,516,330,516,330,536,291,536
291,570,323,570,323,588,291,588
392,907,428,907,428,923,392,923
380,973,426,973,426,996,380,996
392,1014,429,1009,431,1024,394,1030
385,1036,417,1032,419,1049,387,1053
237,1046,250,1046,274,1047,287,1047,306,1045,325,1046,345,1045,344,1059,325,1060,305,1058,289,1061,274,1061,249,1060,236,1060
163,1071,187,1073,241,1069,283,1072,325,1070,384,1060,414,1056,418,1074,388,1078,327,1088,283,1089,240,1087,188,1091,164,1089
181,1094,203,1096,229,1096,256,1098,286,1096,315,1095,341,1092,344,1113,318,1115,286,1117,257,1118,228,1117,204,1116,181,1114
