246,146,277,145,313,142,340,140,378,136,414,135,445,133,447,151,416,153,379,154,342,158,315,160,279,163,248,165
249,170,276,169,314,166,338,164,382,159,401,157,436,153,437,172,402,177,383,178,339,184,315,185,278,188,251,189
260,193,287,192,314,192,342,189,362,187,391,185,418,183,420,199,393,201,362,203,344,205,315,207,288,208,261,209
109,193,219,193,219,223,109,223
275,216,292,216,319,213,338,212,358,210,380,209,393,208,395,226,382,227,360,228,339,230,320,231,293,233,277,234
205,260,339,254,340,272,206,278
357,275,453,269,455,287,358,293
96,287,117,285,158,284,194,282,233,282,276,281,303,281,304,296,276,297,234,298,194,298,158,299,117,301,96,302
338,298,461,291,462,309,339,316
95,304,161,304,161,322,95,322
387,342,395,341,406,339,415,339,429,339,441,338,452,338,449,353,438,353,432,354,418,354,405,354,394,356,386,357
238,347,293,343,294,362,240,366
325,344,344,344,344,358,325,358
88,348,96,347,109,348,126,346,136,347,151,349,159,351,158,366,150,365,135,363,125,362,111,364,96,363,88,364
87,368,257,368,257,385,87,385
390,385,398,385,409,383,422,384,433,383,446,384,454,384,454,399,446,399,434,399,423,400,408,399,397,400,389,400
242,388,296,388,296,404,242,404
84,390,195,390,195,406,84,406
82,411,384,407,384,427,82,430
388,430,446,430,446,446,388,446
79,431,190,431,190,449,79,449
238,433,293,430,294,447,239,450
76,471,254,474,253,494,75,491
382,474,441,474,441,492,382,492
73,493,209,493,209,512,73,512
69,515,188,515,188,533,69,533
377,519,438,519,438,536,377,536
76,538,144,538,144,555,76,555
376,541,434,541,434,558,376,558
73,560,117,560,117,577,73,577
382,565,433,565,433,582,382,582
61,581,165,581,165,600,61,600
124,601,155,603,198,604,232,607,275,606,313,608,344,608,343,625,312,625,275,624,232,624,197,622,155,621,124,619
50,648,67,649,99,647,125,649,149,649,175,650,202,651,201,667,174,666,150,665,124,665,99,663,68,664,50,664
341,655,424,660,423,676,340,672
55,669,87,669,122,671,156,670,191,672,242,673,265,674,264,693,241,691,191,690,156,688,121,689,86,687,55,687
403,685,412,685,412,698,403,698
46,692,160,692,160,711,46,711
260,696,423,705,422,726,259,717
93,758,120,758,182,762,214,762,268,767,313,771,340,774,339,794,312,791,266,788,213,782,181,783,119,778,92,778
62,782,93,783,142,785,214,788,293,793,358,799,389,801,388,819,356,816,292,811,213,806,141,802,93,801,61,800
79,824,111,827,157,829,200,833,252,837,325,842,352,844,350,862,323,860,250,855,198,851,156,847,110,845,79,843
40,848,67,849,128,851,196,856,267,863,330,868,357,870,356,886,328,883,265,879,195,871,127,867,67,864,40,864
