181,104,407,101,408,127,181,130
152,153,190,150,250,147,281,145,344,144,385,143,423,143,423,164,385,165,344,165,282,167,250,168,190,172,152,174
6,187,39,187,39,204,6,204
141,233,451,228,451,264,141,269
428,277,548,273,549,296,429,300
312,278,323,280,340,280,354,281,373,283,392,277,404,275,406,298,395,300,375,306,355,304,339,303,323,303,311,301
225,282,275,282,275,303,225,303
166,283,197,283,197,304,166,304
20,282,131,288,130,313,19,307
15,324,60,323,171,320,237,318,348,313,432,312,477,310,479,336,434,338,348,339,237,344,172,346,60,349,15,350
486,349,498,348,516,348,528,348,546,346,560,347,572,347,572,372,559,371,545,371,533,372,511,372,499,373,486,373
338,353,414,352,414,376,339,378
208,357,254,357,254,375,208,375
149,360,162,360,162,377,149,377
15,409,98,412,97,441,14,438
183,414,198,414,198,433,183,433
494,433,507,433,522,432,537,433,554,431,566,431,579,430,580,454,567,455,554,455,542,457,519,457,506,457,494,457
15,446,134,450,133,478,14,474
496,475,508,475,523,474,539,474,553,473,566,471,578,470,579,493,567,494,553,496,545,496,520,497,507,498,496,499
14,485,175,480,176,504,15,509
284,480,337,480,337,505,284,505
