283,171,509,175,508,199,282,196
253,216,289,214,331,211,399,211,442,213,484,213,521,214,520,236,484,234,441,234,399,232,331,232,289,235,253,237
111,248,148,248,148,266,111,266
242,293,548,297,547,333,241,330
127,340,138,340,159,340,183,342,198,342,222,346,234,347,232,369,220,368,196,364,181,365,160,363,137,363,126,363
265,343,296,343,296,366,265,366
322,345,369,345,369,364,322,364
407,346,433,346,486,344,531,345,559,345,620,344,646,344,645,366,619,367,560,367,530,367,487,367,432,368,406,368
127,374,163,375,231,377,287,379,362,380,424,383,460,385,460,405,424,403,361,400,286,399,231,397,163,395,126,394
248,415,256,415,256,428,248,428
302,413,346,413,346,431,302,431
430,415,505,415,505,438,430,438
580,415,592,415,607,415,619,416,638,415,654,415,665,416,663,438,651,438,638,437,622,438,605,438,591,438,580,438
142,445,186,447,279,451,370,454,457,456,537,455,581,454,581,479,536,480,456,481,370,479,278,476,185,472,141,470
103,483,125,482,154,482,170,482,195,486,227,487,243,489,241,512,225,510,195,510,168,505,152,506,125,505,104,506
441,490,453,491,461,492,472,492,484,491,497,491,509,490,506,512,494,513,485,513,475,514,463,515,449,513,437,512
101,520,196,520,196,543,101,543
299,525,345,525,345,543,299,543
439,527,452,527,458,527,471,526,481,526,497,526,509,527,507,552,494,551,484,551,472,550,459,552,447,551,434,551
584,530,665,530,665,556,584,556
117,559,161,560,243,562,315,564,411,566,481,569,525,570,525,595,481,593,410,590,314,589,242,587,161,585,117,583
294,602,341,602,341,621,294,621
428,606,505,606,505,633,428,633
587,610,669,610,669,636,587,636
93,641,137,641,209,643,302,644,393,648,473,652,517,654,517,680,472,677,392,674,301,669,208,668,136,667,92,667
291,685,338,685,338,706,291,706
421,686,433,687,449,688,466,688,481,688,495,688,508,688,505,713,493,713,481,713,467,713,446,712,432,711,419,710
583,690,596,691,613,693,627,693,644,693,664,693,677,693,674,718,661,719,645,718,630,719,609,718,593,717,581,716
89,724,134,724,204,727,281,728,368,732,460,737,504,740,503,766,459,763,368,758,280,754,203,753,133,750,89,750
286,769,332,772,331,792,285,789
438,775,505,775,505,801,438,801
601,777,614,779,623,781,636,780,650,779,665,781,678,781,676,806,663,805,649,804,638,805,625,806,608,803,596,801
62,815,76,817,98,816,121,823,138,821,153,818,173,811,173,838,152,846,140,848,118,850,93,843,76,844,62,842
242,831,274,831,274,852,242,852
59,851,88,855,105,859,131,859,151,859,180,863,193,865,190,889,177,888,151,884,132,884,99,883,87,880,59,876
582,873,680,873,680,901,582,901
61,904,84,908,104,912,118,913,148,912,166,915,189,916,186,941,163,940,148,937,120,938,98,936,83,933,60,929
578,924,592,927,616,927,629,930,645,928,671,928,685,927,684,954,670,955,645,955,628,957,615,954,591,954,577,950
61,944,248,957,246,984,59,972
353,965,408,965,408,991,353,991
582,973,680,973,680,1001,582,1001
