262,109,400,109,400,134,262,134
222,137,248,138,299,142,341,139,372,138,419,137,440,136,439,158,418,159,373,161,342,161,298,164,247,160,221,160
60,158,192,158,192,193,60,193
242,166,415,166,415,189,242,189
266,193,391,193,391,214,266,214
185,239,337,238,337,258,185,260
363,261,466,261,466,280,363,280
52,267,82,265,130,265,171,263,219,263,268,262,301,263,301,282,268,281,220,283,171,282,131,284,82,285,53,286
342,285,476,285,476,304,342,304
58,289,136,289,136,311,58,311
403,331,467,331,467,352,403,352
229,332,238,335,250,335,266,338,275,336,286,334,295,331,296,349,288,351,278,353,263,355,250,352,238,352,229,350
331,335,354,335,354,353,331,353
52,342,69,340,80,339,101,339,111,339,128,340,138,341,138,359,128,358,111,357,100,357,81,357,70,358,53,360
56,362,445,356,445,378,57,384
422,382,476,382,476,400,422,400
250,385,303,383,303,402,250,404
55,387,185,385,185,404,55,406
55,432,264,430,264,451,55,453
422,430,476,430,476,449,422,449
55,455,214,455,214,476,55,476
452,456,464,456,464,471,452,471
54,479,193,479,193,501,54,501
417,480,427,479,437,481,445,479,456,479,467,479,476,479,477,498,467,498,457,498,447,498,437,500,426,498,416,498
63,505,143,505,143,525,63,525
411,505,475,505,475,524,411,524
52,528,173,528,173,550,52,550
419,531,475,531,475,548,419,548
130,552,390,554,390,577,129,574
115,624,143,624,193,626,250,625,292,626,361,629,389,631,389,652,362,650,291,647,249,646,193,647,143,645,115,644
60,651,93,651,168,652,251,651,331,652,401,654,434,655,434,673,401,672,330,671,251,670,168,671,93,669,59,669
96,697,410,701,410,723,95,719
58,724,91,724,159,725,239,726,310,727,412,728,445,728,445,747,411,746,310,745,238,744,159,743,91,743,58,743
