248,118,461,116,461,141,249,143
281,148,427,148,427,172,281,172
59,162,205,165,204,202,58,200
248,177,459,176,459,201,249,202
286,207,419,207,419,229,286,229
197,258,360,258,360,280,197,280
49,280,81,280,134,282,182,282,246,284,289,286,326,287,325,308,289,307,246,305,181,303,133,303,80,301,48,301
387,286,496,286,496,306,387,306
52,305,63,306,82,306,95,307,114,308,128,308,147,309,146,329,127,328,114,328,95,328,79,326,60,326,50,325
364,312,507,312,507,333,364,333
50,364,69,361,80,358,104,360,115,360,138,365,149,366,145,387,135,385,114,381,102,381,81,379,68,382,49,385
245,363,254,365,266,365,285,368,294,365,305,365,314,362,315,381,306,384,297,384,282,387,265,384,254,384,245,382
425,367,436,366,452,365,464,365,475,364,490,365,500,365,496,385,485,385,477,384,465,385,453,385,435,386,424,387
354,367,376,367,376,387,354,387
53,385,387,393,386,418,52,410
51,414,194,417,194,438,51,435
256,419,323,419,323,438,256,438
435,421,504,421,504,440,435,440
46,466,78,467,132,468,166,469,199,469,241,471,278,472,278,493,242,492,198,491,166,490,133,490,78,488,45,488
434,474,443,474,456,473,473,475,483,475,497,475,507,476,505,494,495,493,484,493,474,493,455,491,442,492,432,492
50,493,228,493,228,517,50,517
478,504,492,504,492,518,478,518
50,520,204,520,204,544,50,544
434,527,504,529,504,549,434,547
59,548,151,548,151,570,59,570
434,556,502,556,502,575,434,575
47,572,182,574,182,599,47,597
435,582,502,582,502,603,435,603
134,602,413,605,413,630,134,627
120,682,414,689,413,714,119,707
56,713,93,713,177,715,264,714,352,716,438,718,474,720,473,741,437,740,351,737,264,735,177,737,93,735,56,735
107,769,143,769,198,768,253,770,329,773,374,771,410,770,410,791,373,792,329,794,252,791,197,790,143,790,106,790
40,795,488,802,487,823,39,816
