248,24,444,24,444,45,248,45
224,57,466,57,466,78,224,78
106,96,132,96,132,111,106,111
211,128,242,130,290,132,354,132,389,129,438,126,486,122,487,150,439,155,390,157,354,160,290,161,244,158,212,156
361,172,385,170,423,168,468,164,504,165,535,163,567,163,567,182,535,182,504,183,468,183,425,186,385,188,361,191
238,171,330,168,330,187,239,190
116,178,129,176,148,176,166,174,178,174,200,176,209,177,208,196,199,195,176,193,166,192,151,194,128,195,115,197
138,206,174,205,232,203,334,200,394,200,471,195,507,193,508,213,472,215,395,220,334,220,233,223,174,225,138,226
514,224,583,221,584,243,515,246
383,230,452,225,454,247,384,251
275,229,283,231,289,229,291,232,302,228,305,230,313,229,317,245,309,246,303,245,295,248,288,246,281,248,273,245
136,262,173,263,259,265,358,266,404,264,498,259,535,256,535,277,499,279,405,285,359,286,259,285,173,284,136,282
397,294,408,293,416,294,425,292,437,292,446,292,456,291,457,311,447,311,437,311,427,312,416,314,406,313,395,314
106,294,225,294,225,315,106,315
517,320,528,319,540,319,555,318,567,318,579,318,589,317,589,337,579,338,568,338,555,338,541,339,528,339,517,340
400,322,454,322,454,341,400,341
104,325,184,325,184,345,104,345
211,325,235,325,235,341,211,341
276,325,314,325,314,341,276,341
122,358,158,359,243,360,324,360,406,357,498,355,534,354,536,374,499,376,406,378,324,380,243,381,158,379,122,378
403,389,459,386,460,410,404,413
99,391,120,390,144,390,159,389,183,392,209,391,226,392,225,414,209,413,183,414,159,412,145,412,121,412,99,413
522,416,533,416,546,416,561,415,574,414,585,414,596,414,596,434,585,434,575,434,562,435,545,436,533,436,522,436
401,420,459,418,460,440,402,442
101,423,186,423,186,444,101,444
276,423,317,423,317,440,276,440
110,462,146,462,241,459,324,458,425,456,526,453,562,451,563,472,527,473,426,476,325,478,241,479,147,482,110,483
526,484,536,484,549,485,562,485,577,483,593,483,603,482,599,503,588,504,578,504,564,506,548,506,535,505,525,504
388,487,399,488,412,488,426,488,439,486,453,486,463,485,461,506,450,507,441,507,429,509,410,509,398,509,388,508
276,489,285,492,293,490,294,493,303,489,310,490,318,487,320,503,312,506,303,505,299,508,290,506,282,508,274,505
96,538,184,538,184,564,96,564
243,541,269,541,269,557,243,557
523,556,609,559,608,593,522,590
91,571,111,570,128,572,143,570,167,570,184,571,204,571,204,590,183,590,167,589,145,589,125,590,112,589,92,590
524,603,606,599,607,623,525,627
94,611,199,611,199,638,94,638
525,635,536,636,557,636,566,637,580,635,600,635,612,633,612,655,600,657,582,657,567,659,557,659,535,658,524,658
96,644,253,640,253,664,96,668
340,641,387,641,387,664,340,664
101,701,127,701,172,703,224,700,274,697,312,696,352,693,353,715,313,718,275,720,225,722,173,725,127,723,101,723
103,737,283,737,283,763,103,763
592,763,620,763,620,785,592,785
99,775,211,775,211,798,99,798
562,805,572,803,582,805,590,803,601,803,615,801,625,800,626,821,615,822,604,824,591,824,587,825,567,824,557,826
98,811,258,811,258,837,98,837
95,853,118,853,143,854,182,852,212,851,235,850,259,849,259,874,235,875,213,876,182,877,143,879,116,877,93,877
552,881,563,879,574,879,586,876,605,876,616,875,627,875,628,896,617,896,605,897,589,896,576,900,561,900,551,902
92,888,126,886,169,887,209,885,266,886,307,885,340,884,339,910,305,911,268,912,208,911,169,913,124,912,91,914
127,939,168,939,256,939,355,937,443,936,557,925,597,922,599,945,558,948,445,959,356,960,256,962,168,963,127,962
291,975,312,974,346,973,366,972,389,971,422,969,446,968,447,987,422,988,390,989,368,990,346,992,312,993,291,994
185,1004,214,1003,293,996,368,995,416,993,493,989,521,987,523,1004,495,1005,416,1009,369,1011,294,1013,214,1019,186,1021
