215,87,346,84,346,103,215,106
196,110,219,109,252,109,275,109,310,107,339,107,366,105,365,124,338,126,310,127,276,129,252,129,219,129,196,130
38,129,156,129,156,159,38,159
206,132,235,133,261,134,278,134,305,134,327,132,353,129,355,147,329,149,306,151,278,151,262,151,236,151,206,149
226,158,337,156,338,174,226,176
153,200,289,197,290,215,153,218
312,220,406,217,406,235,312,238
38,221,263,221,263,240,38,240
296,242,415,239,416,256,297,259
38,243,111,243,111,262,38,262
350,285,358,284,372,283,382,283,389,282,401,283,409,283,408,299,399,299,392,298,383,299,372,299,357,300,349,301
199,287,256,284,257,304,200,307
290,286,309,286,309,302,290,302
39,287,113,287,113,305,39,305
40,310,177,308,177,327,40,328
361,327,418,327,418,343,361,343
39,330,159,330,159,347,39,347
210,330,266,330,266,346,210,346
41,372,232,370,232,390,41,392
364,371,420,371,420,387,364,387
41,394,188,394,188,413,41,413
400,394,409,394,409,407,400,407
365,414,421,414,421,431,365,431
41,415,170,415,170,435,41,435
355,437,421,437,421,454,355,454
51,438,125,438,125,457,51,457
357,459,423,459,423,475,357,475
41,460,154,460,154,479,41,479
114,482,349,479,350,499,115,502
106,547,353,547,353,566,106,566
55,573,84,572,166,571,229,571,310,569,356,570,385,570,385,587,356,587,310,586,229,588,166,588,85,589,55,590
89,615,373,613,373,633,89,635
56,640,85,640,157,638,219,638,285,637,376,638,405,637,405,655,376,655,285,654,220,656,157,656,86,657,56,658
