114,79,454,68,455,97,115,108
36,114,433,105,434,133,37,143
36,151,239,151,239,177,36,177
36,185,401,181,401,208,36,212
36,218,366,215,366,247,36,250
371,251,536,251,536,276,371,276
294,252,334,252,334,273,294,273
30,256,53,254,64,254,81,253,98,253,123,257,133,258,131,279,120,277,95,273,80,273,65,275,51,274,28,276
236,254,262,254,262,275,236,275
446,288,534,288,534,310,446,310
287,290,300,289,313,288,330,288,344,287,358,288,371,288,370,312,358,312,344,311,329,312,315,312,301,313,288,314
22,291,137,291,137,315,22,315
446,321,536,321,536,344,446,344
307,323,368,323,368,345,307,345
22,326,145,326,145,348,22,348
460,355,536,355,536,377,460,377
308,356,368,356,368,380,308,380
22,358,107,358,107,382,22,382
462,390,536,390,536,412,462,412
308,392,369,392,369,414,308,414
19,393,39,393,85,393,115,394,160,393,193,392,218,391,219,412,193,414,160,415,116,416,83,415,39,415,19,415
15,418,38,423,55,427,70,427,96,426,123,428,136,427,133,452,120,452,97,450,71,452,51,452,37,448,14,443
439,423,534,423,534,447,439,447
12,466,39,465,82,463,119,463,158,463,202,463,238,463,236,484,201,484,159,484,119,484,82,484,39,485,12,487
502,464,534,464,534,486,502,486
15,499,40,501,79,503,117,503,157,502,199,501,224,500,223,523,198,525,157,525,117,526,79,527,38,524,13,522
438,500,534,500,534,526,438,526
84,541,435,539,435,574,84,576
