178,91,277,88,277,113,179,115
37,115,79,119,158,119,217,123,314,115,384,115,421,112,420,136,384,139,314,139,218,147,158,143,78,143,36,139
89,145,125,146,185,145,215,146,279,146,329,144,365,143,366,164,331,165,279,167,215,167,185,166,126,167,90,166
130,173,324,172,324,194,130,195
132,212,323,212,323,232,132,232
98,235,361,237,361,255,97,252
145,261,313,261,313,277,145,277
36,292,47,291,64,291,81,291,103,292,121,295,131,296,130,310,119,309,102,306,82,306,63,306,47,306,36,306
39,315,74,315,74,331,39,331
38,339,91,339,91,354,38,354
325,387,413,387,413,408,325,408
38,388,102,388,102,408,38,408
254,388,276,388,276,405,254,405
36,412,46,412,61,413,77,413,96,414,107,413,123,413,122,427,106,427,96,428,77,427,61,427,45,426,35,425
37,437,91,437,91,459,37,459
357,436,413,438,413,460,356,458
163,483,182,482,202,483,227,480,251,481,280,484,293,485,292,502,280,501,251,498,227,497,202,500,181,499,162,500
356,482,364,482,374,482,386,481,396,481,406,482,414,483,412,498,404,497,397,497,387,497,373,497,363,497,355,498
201,508,294,508,294,523,201,523
402,510,411,510,411,522,402,522
201,531,216,533,235,535,249,535,262,535,280,536,294,537,293,553,279,552,261,551,251,551,234,551,215,549,201,547
359,536,412,536,412,550,359,550
172,559,290,560,290,578,172,576
358,563,412,563,412,577,358,577
216,586,289,586,289,603,216,603
401,590,410,590,410,601,401,601
44,615,69,614,94,614,132,614,171,613,210,614,235,615,235,629,210,628,171,627,132,628,94,628,69,628,44,629
138,660,157,660,192,661,230,661,262,663,284,662,306,663,307,676,285,675,262,675,230,673,192,674,157,673,137,673
131,682,158,684,195,683,218,685,256,683,286,683,313,681,313,696,286,698,256,698,219,700,195,698,158,699,130,697
