199,160,212,163,227,167,239,168,260,167,279,167,292,165,291,182,279,184,261,184,241,185,223,184,211,180,199,177
204,187,360,187,360,238,204,238
229,236,354,236,354,275,229,275
88,315,481,311,481,335,88,339
179,348,390,346,390,368,179,370
184,384,384,384,384,407,184,407
126,419,438,419,438,449,126,449
57,458,76,458,92,459,114,459,139,463,161,459,181,459,180,477,161,477,140,480,113,476,92,477,77,476,57,475
215,459,371,459,371,480,215,480
164,487,187,487,224,489,254,487,290,484,331,488,358,488,358,505,331,505,289,501,255,504,224,506,186,505,163,505
58,489,109,487,110,505,59,507
53,516,75,517,99,517,122,518,145,514,171,514,197,511,195,531,170,534,146,534,123,538,98,538,75,537,53,536
226,517,249,517,276,516,307,516,352,516,371,515,397,514,398,533,372,534,351,535,307,535,276,535,249,535,227,536
58,545,76,546,98,546,124,547,140,544,165,545,179,543,179,561,165,563,142,563,124,566,98,565,75,565,57,564
230,545,396,545,396,562,230,562
59,574,90,574,127,573,168,573,209,572,254,572,284,572,284,590,254,590,209,590,167,591,128,591,89,592,58,592
380,599,432,599,432,617,380,617
482,598,492,598,504,599,516,598,528,599,541,602,551,605,546,623,536,620,527,618,516,617,501,618,492,617,482,617
126,600,209,600,209,619,126,619
309,600,332,600,332,617,309,617
368,636,433,636,433,653,368,653
478,636,543,636,543,653,478,653
35,639,48,639,62,639,80,637,95,637,111,638,127,640,127,658,111,656,94,654,81,655,63,657,47,656,34,657
364,665,374,665,385,665,403,665,413,664,428,665,437,665,436,683,427,683,414,683,400,683,387,683,374,683,364,683
478,664,545,664,545,684,478,684
37,667,190,667,190,687,37,687
380,693,435,693,435,713,380,713
489,693,545,695,544,722,488,720
58,696,165,696,165,713,58,713
70,729,132,733,131,757,68,752
312,730,325,730,325,747,312,747
466,730,476,730,489,730,509,730,520,730,532,730,542,730,543,748,533,748,520,748,507,748,491,748,476,748,466,748
69,774,243,774,243,798,69,798
469,774,545,774,545,802,469,802
71,817,326,815,326,841,71,843
447,816,549,816,549,839,447,839
329,873,546,873,546,896,329,896
490,942,548,942,548,958,490,958
318,943,330,944,351,947,370,946,394,945,405,946,423,949,423,962,406,960,393,958,371,959,350,960,331,957,319,956
537,966,548,966,548,980,537,980
321,963,335,965,347,967,373,966,391,967,410,966,424,967,425,982,411,981,390,982,374,981,348,983,335,981,321,979
