239,95,403,95,403,115,239,115
214,122,428,122,428,143,214,143
42,142,177,142,177,178,42,178
235,149,267,150,299,149,314,150,356,151,373,149,405,147,406,167,374,169,355,171,314,170,298,169,267,170,235,169
256,177,384,177,384,198,256,198
173,224,339,224,339,244,173,244
354,247,469,247,469,268,354,268
41,250,298,250,298,271,41,271
40,275,49,275,66,273,78,274,96,274,109,274,122,274,122,292,109,292,96,292,79,292,65,292,48,293,38,293
335,274,469,274,469,292,335,292
223,322,232,322,247,324,257,323,271,325,288,322,297,322,299,340,289,341,272,343,257,341,246,342,230,341,220,341
406,322,469,322,469,342,406,342
42,325,55,324,65,323,87,323,98,323,117,325,127,326,126,345,117,344,97,342,87,342,66,342,55,343,41,344
335,324,356,324,356,342,335,342
41,347,367,347,367,367,41,367
41,374,175,374,175,392,41,392
223,374,296,374,296,392,223,392
395,374,468,374,468,391,395,391
42,420,258,420,258,441,42,441
396,423,468,423,468,440,396,440
42,444,216,444,216,465,42,465
456,447,468,447,468,461,456,461
42,470,186,468,186,490,42,491
396,471,469,471,469,488,396,488
53,495,137,495,137,515,53,515
396,495,469,494,470,512,396,514
42,517,167,517,167,539,42,539
119,542,148,543,208,543,248,545,291,543,342,542,375,540,374,559,342,561,292,561,248,564,208,562,149,562,120,561
113,614,388,618,388,639,112,636
51,643,87,643,188,642,249,641,341,641,393,642,429,642,428,662,392,662,341,661,249,661,188,662,87,662,51,663
91,690,410,690,410,712,91,712
39,717,460,717,460,736,39,736
