190,94,388,94,388,114,190,114
199,118,377,118,377,136,199,136
39,129,163,131,162,164,39,162
207,142,233,142,261,142,291,144,311,144,340,143,366,142,368,159,341,160,310,162,291,161,260,160,233,160,207,159
226,164,241,164,269,164,282,164,303,164,325,164,345,164,345,185,326,185,303,185,282,185,268,185,241,185,226,185
155,206,292,206,292,225,155,225
36,227,265,231,264,250,36,246
313,233,406,230,406,247,313,250
36,249,111,249,111,269,36,269
298,254,413,254,413,270,298,270
33,297,50,295,59,294,77,295,87,295,106,299,113,300,111,315,104,314,86,310,75,310,60,309,49,310,32,312
197,295,205,298,215,299,230,301,233,299,247,298,255,295,256,310,248,313,236,314,227,315,215,314,204,313,197,311
348,299,355,299,366,298,378,299,387,297,399,299,410,299,406,314,395,313,389,312,380,314,365,313,355,314,348,314
287,299,305,299,305,315,287,315
58,317,88,318,122,318,187,320,238,319,290,320,320,319,320,336,290,337,237,336,187,337,122,335,87,335,57,334
38,338,68,339,93,340,133,341,158,342,186,341,216,340,215,357,185,358,158,358,132,358,93,357,67,356,38,354
33,360,49,360,75,362,95,361,113,362,138,361,157,362,158,379,139,379,112,380,94,378,75,379,47,377,32,377
197,363,261,363,261,380,197,380
346,363,410,363,410,380,346,380
35,383,56,383,56,400,35,400
345,385,410,385,410,401,345,401
46,405,75,405,138,406,210,407,280,407,342,407,372,407,372,424,342,424,280,424,210,424,137,423,75,422,45,421
33,427,155,429,155,447,33,445
205,429,260,429,260,445,205,445
353,429,409,429,409,445,353,445
35,468,225,468,225,488,35,488
343,473,407,473,407,488,343,488
33,491,181,491,181,511,33,511
336,494,400,494,400,509,336,509
33,514,161,514,161,532,33,532
342,515,407,515,407,532,342,532
42,537,115,537,115,553,42,553
342,537,407,537,407,553,342,553
41,560,88,560,88,576,41,576
360,560,406,560,406,575,360,575
31,579,141,579,141,599,31,599
342,581,407,581,407,598,342,598
103,600,133,602,179,602,212,604,251,602,294,602,324,600,323,617,293,619,251,619,212,621,178,619,133,619,104,618
30,646,184,646,184,665,30,665
261,648,406,648,406,663,261,663
30,669,252,667,252,686,30,688
251,690,404,690,404,709,251,709
28,692,147,692,147,709,28,709
91,753,333,756,333,776,91,774
28,777,403,779,403,797,28,795
87,820,121,820,156,820,201,820,265,822,300,821,333,822,333,841,300,841,265,841,201,839,156,839,121,839,87,839
40,844,70,844,129,844,200,844,263,845,333,845,363,846,363,862,333,861,263,861,200,860,129,860,69,860,39,860
