188,83,319,83,319,101,188,101
168,106,341,103,341,120,169,123
33,121,142,121,142,151,33,151
188,126,213,127,237,126,250,127,283,127,300,126,318,126,319,141,301,142,283,142,250,142,237,142,213,142,188,142
203,148,307,146,307,164,203,166
138,184,270,184,270,200,138,200
279,201,295,202,311,203,327,202,344,202,362,200,375,198,375,213,362,214,345,216,328,217,311,217,295,216,279,215
33,207,237,204,238,219,33,223
265,224,278,223,303,223,320,222,344,222,355,221,374,220,375,234,356,235,345,236,320,236,304,237,278,237,265,238
33,227,41,227,54,227,64,226,79,226,88,226,101,225,101,238,88,239,80,240,64,240,54,241,40,241,33,241
325,261,377,259,377,273,326,276
180,262,239,263,239,279,180,278
33,264,41,264,54,265,71,262,81,263,97,265,104,266,102,281,95,279,80,278,70,277,57,279,40,278,33,279
268,263,286,263,286,276,268,276
35,283,272,281,272,297,35,299
325,299,377,297,378,312,326,314
35,302,142,302,142,317,35,317
190,302,240,302,240,316,190,316
36,321,336,318,336,334,37,337
37,341,104,341,104,355,37,355
328,357,378,357,378,371,328,371
191,359,241,357,242,372,192,374
38,360,144,358,144,373,38,375
42,398,67,397,99,397,122,397,149,396,189,396,211,396,211,411,189,411,148,411,122,411,99,411,67,412,42,412
327,396,380,396,380,409,327,409
39,415,179,413,179,429,39,431
369,415,380,415,380,427,369,427
39,435,154,433,155,449,39,451
328,433,381,433,381,447,328,447
330,453,381,453,381,467,330,467
48,455,115,455,115,469,48,469
39,472,140,472,140,490,39,490
106,491,316,491,316,508,106,508
42,531,180,531,180,547,42,547
335,531,381,531,381,545,335,545
42,550,252,548,252,565,42,567
238,568,257,568,282,568,312,568,338,568,362,568,384,568,383,584,362,584,338,584,312,584,282,584,257,584,238,584
42,570,149,570,149,586,42,586
101,625,321,625,321,642,101,642
53,648,81,647,144,647,219,647,283,645,348,646,376,646,376,662,348,662,283,661,219,662,144,662,81,663,53,663
85,683,339,683,339,699,85,699
50,706,75,705,162,704,203,703,259,704,340,705,365,705,365,719,340,719,259,718,203,717,162,717,75,719,50,720
