519,26,529,29,549,31,565,34,587,34,605,37,624,41,619,59,601,56,584,53,564,53,544,49,528,48,518,45
305,43,346,45,442,49,533,55,591,65,681,72,721,78,720,109,680,102,587,95,530,86,439,79,345,75,304,74
343,128,391,131,488,140,573,143,653,149,758,158,814,162,812,198,756,194,650,185,570,179,487,176,388,167,340,164
348,167,420,173,486,176,569,184,653,189,737,191,809,192,806,234,734,233,650,230,566,225,482,217,416,214,344,208
356,201,402,210,501,221,547,229,627,232,711,235,774,235,772,275,708,275,624,272,544,269,496,261,399,250,353,241
202,245,240,244,283,245,325,246,371,248,415,254,452,259,449,300,412,295,369,289,321,286,284,286,240,285,202,287
508,262,952,292,949,337,505,308
354,290,762,323,758,367,351,333
231,327,302,332,408,342,579,352,683,365,824,371,896,377,894,417,822,411,680,405,575,392,405,382,300,372,229,367
264,374,318,379,467,397,550,399,660,407,777,411,831,414,829,445,775,443,657,438,549,431,464,428,315,410,262,406
368,449,416,450,507,451,599,456,653,457,769,468,817,471,814,508,766,504,651,493,596,492,506,487,414,486,366,486
124,474,952,512,949,561,122,522
118,539,302,552,298,599,114,586
424,553,976,574,975,619,422,598
116,588,157,588,266,596,323,594,411,599,499,600,555,602,551,638,496,637,410,636,323,631,264,632,155,625,114,625
716,608,973,613,972,655,715,650
109,667,969,695,968,740,108,712
105,716,244,716,244,760,105,760
303,723,332,723,332,760,303,760
504,730,654,730,654,767,504,767
770,738,808,734,845,733,871,732,904,735,941,738,979,742,975,784,938,779,903,777,871,774,847,775,805,776,767,779
149,758,326,765,325,807,148,800
668,774,840,774,840,814,668,814
102,797,860,820,858,866,101,843
102,844,241,844,241,888,102,888
440,850,482,853,503,856,546,853,576,855,613,856,646,860,648,904,615,900,573,899,546,897,502,900,481,897,439,894
771,862,968,862,968,910,771,910
252,887,454,895,452,940,250,931
103,923,175,927,328,933,477,939,649,944,797,946,869,948,869,990,797,989,647,986,476,982,327,976,174,969,102,966
91,972,230,972,230,1016,91,1016
440,980,461,980,500,986,538,980,569,983,604,986,642,992,640,1033,603,1028,566,1025,540,1022,498,1028,458,1021,437,1021
757,989,949,976,952,1019,760,1032
245,1016,446,1021,445,1064,244,1059
130,1054,211,1058,382,1064,474,1067,643,1067,785,1064,866,1061,867,1106,787,1108,645,1112,472,1111,381,1108,211,1103,130,1098
749,1103,939,1103,939,1143,749,1143
84,1107,222,1107,222,1147,84,1147
434,1111,628,1111,628,1151,434,1151
727,1187,939,1187,939,1231,727,1231
80,1195,599,1195,599,1242,80,1242
191,1251,262,1245,308,1245,378,1239,460,1243,527,1237,599,1235,597,1275,526,1277,463,1283,378,1279,310,1285,262,1285,190,1292
69,1315,149,1312,238,1308,301,1307,434,1302,505,1304,576,1306,575,1352,504,1351,436,1349,301,1354,241,1355,148,1359,67,1362
729,1341,758,1343,798,1346,837,1343,860,1341,903,1341,941,1338,940,1380,903,1382,860,1382,840,1385,799,1388,753,1384,723,1382
69,1355,361,1355,361,1403,69,1403
109,1403,248,1403,248,1443,109,1443
481,1403,498,1403,506,1401,520,1403,531,1399,539,1435,557,1434,568,1402,550,1403,531,1433,520,1436,506,1434,494,1436,476,1437
105,1447,533,1439,534,1486,106,1494
762,1478,931,1472,933,1512,763,1518
50,1503,113,1499,198,1497,279,1492,409,1488,494,1487,548,1487,548,1528,493,1529,411,1529,280,1533,201,1539,112,1541,49,1545
758,1516,927,1509,929,1554,760,1562
57,1551,112,1546,195,1545,278,1537,405,1533,493,1530,541,1528,542,1563,494,1565,407,1568,280,1572,197,1580,112,1581,57,1585
136,1616,199,1610,377,1598,483,1593,614,1586,763,1583,826,1582,828,1616,765,1618,615,1620,485,1627,379,1633,201,1645,138,1650
76,1648,215,1648,215,1688,76,1688
583,1746,891,1735,892,1765,585,1776
69,1754,747,1784,745,1831,67,1801
100,1810,118,1810,137,1813,160,1810,181,1815,201,1815,219,1819,219,1853,201,1849,178,1849,157,1844,137,1847,115,1844,97,1844
99,1847,253,1856,251,1897,96,1889
86,1888,132,1893,177,1899,240,1901,302,1906,366,1910,395,1913,395,1954,365,1951,298,1947,238,1942,177,1940,129,1934,82,1929
82,1938,146,1941,273,1948,382,1952,466,1961,594,1962,666,1967,663,2008,591,2003,464,2002,381,1993,271,1989,144,1983,80,1979
291,2041,329,2044,390,2045,460,2049,545,2050,587,2055,642,2060,637,2102,583,2097,545,2092,457,2091,389,2088,326,2086,288,2084
350,2094,387,2094,420,2094,473,2098,505,2098,560,2100,590,2100,588,2140,559,2140,505,2138,472,2138,417,2134,384,2134,346,2133
19,2221,99,2215,222,2207,353,2208,489,2215,635,2229,725,2240,719,2291,630,2280,485,2266,352,2259,222,2258,104,2266,25,2272
766,2242,792,2241,811,2240,833,2243,854,2246,861,2298,887,2304,907,2258,881,2252,846,2295,832,2293,804,2290,786,2291,760,2292
