293,215,692,210,692,247,294,252
123,269,180,270,382,268,483,269,614,265,754,263,812,262,813,294,755,296,614,297,482,301,383,301,180,302,123,302
288,320,338,320,408,321,508,320,561,319,631,319,688,318,688,350,631,351,561,351,508,352,408,353,338,352,287,352
317,445,683,441,684,479,317,484
648,520,682,518,729,513,769,513,818,509,880,509,914,507,914,537,880,539,819,539,771,543,731,544,681,548,647,551
93,517,311,517,311,551,93,551
732,647,915,639,917,677,733,685
417,652,432,654,456,657,477,656,503,661,533,652,549,651,552,681,536,682,504,691,478,687,454,688,431,684,415,682
102,658,149,658,149,690,102,690
101,716,490,710,490,751,102,756
807,769,828,769,845,771,863,767,885,765,905,766,926,765,929,807,907,807,885,807,865,809,846,812,828,811,806,810
428,778,446,776,464,775,481,773,501,771,519,774,537,775,540,811,522,810,501,808,483,810,463,812,447,813,429,815
98,850,154,846,252,841,350,838,459,839,550,844,623,850,623,892,550,886,458,881,350,880,253,883,155,888,99,892
792,898,812,898,836,898,863,896,886,896,913,895,933,895,931,933,911,933,888,934,869,934,832,936,810,936,790,937
441,903,543,903,543,939,441,939
110,912,130,912,130,939,110,939
110,971,513,971,513,1014,110,1014
795,1021,815,1024,839,1026,868,1027,891,1025,914,1024,934,1021,934,1061,914,1063,892,1064,872,1066,834,1065,811,1063,792,1060
422,1025,442,1027,469,1031,496,1030,517,1030,541,1029,561,1028,561,1066,541,1067,519,1068,498,1068,462,1069,439,1065,419,1063
781,1099,800,1103,839,1102,856,1106,890,1100,916,1100,934,1097,935,1133,916,1136,892,1136,855,1143,838,1139,801,1139,783,1135
107,1114,154,1109,194,1112,254,1102,307,1104,348,1107,395,1113,389,1154,342,1149,307,1146,255,1144,196,1154,151,1151,104,1155
262,1202,313,1201,441,1203,516,1201,617,1204,692,1202,749,1203,751,1236,693,1236,616,1238,516,1234,443,1237,312,1235,261,1236
