169,94,205,96,234,96,272,97,304,92,348,94,380,92,381,113,349,115,305,113,273,118,235,117,205,117,169,115
184,123,217,123,236,123,275,122,307,120,337,118,369,115,370,134,337,137,308,139,276,141,236,142,217,142,185,142
19,141,145,141,145,175,19,175
181,149,201,149,250,148,282,146,319,144,354,141,373,140,374,160,355,161,320,164,283,166,251,168,201,169,182,170
211,174,234,172,250,170,276,171,305,169,317,168,340,166,342,186,319,188,305,189,278,191,251,191,235,192,212,194
139,217,156,217,185,217,211,216,234,216,260,214,285,212,285,231,261,233,235,235,211,235,184,236,157,236,140,236
306,237,318,237,342,234,353,234,371,233,390,231,408,229,409,246,390,248,371,250,354,251,344,251,319,254,307,254
21,241,257,239,257,259,22,260
288,261,305,259,327,258,352,256,370,256,400,253,417,253,418,271,401,271,372,274,353,274,328,276,305,277,288,279
23,263,100,263,100,282,23,282
347,301,359,302,365,302,379,301,390,299,402,300,410,300,407,317,399,317,393,315,381,318,366,319,358,319,346,318
191,307,200,308,207,308,224,309,231,308,242,306,250,304,252,320,244,322,235,324,221,325,209,324,199,324,190,323
284,306,303,306,303,322,284,322
24,310,33,309,48,310,69,308,79,309,98,311,106,313,104,330,96,328,78,326,67,325,50,326,33,326,25,327
27,332,313,326,313,345,28,351
358,346,417,343,418,361,359,363
203,351,260,351,260,367,203,367
304,353,314,353,314,365,304,365
27,354,151,354,151,370,27,370
54,376,83,376,136,376,190,376,247,372,317,370,346,368,347,385,318,387,248,389,190,393,136,393,83,393,54,392
30,398,216,396,216,414,30,416
360,413,419,411,419,427,360,430
206,418,261,418,261,434,206,434
32,421,154,418,154,436,32,438
351,433,363,434,373,435,384,435,396,435,411,433,420,433,421,448,412,449,396,450,385,450,373,450,363,450,351,449
33,444,55,444,55,459,33,459
361,478,420,476,421,493,362,494
36,483,229,479,229,498,36,502
345,498,412,498,412,515,345,515
36,506,185,501,185,520,37,525
363,521,422,521,422,537,363,537
37,527,167,523,168,542,38,546
352,540,368,542,377,541,387,543,399,542,414,542,423,541,423,557,415,558,399,558,387,559,378,557,367,558,352,556
48,549,123,549,123,566,48,566
375,563,423,563,423,579,375,579
39,570,151,566,152,585,39,590
111,589,135,589,187,588,225,588,278,585,307,585,340,584,340,602,307,603,278,603,226,606,187,606,137,607,112,606
276,629,423,628,424,644,276,646
42,634,197,629,197,649,42,654
43,658,269,648,269,666,44,676
404,652,415,652,415,665,404,665
267,671,425,669,425,687,267,689
42,678,58,678,85,678,101,678,129,677,148,675,167,672,167,689,148,691,130,693,102,695,86,694,58,695,43,694
107,737,133,737,177,738,241,735,268,736,329,735,355,737,355,754,329,752,268,753,242,752,177,756,134,754,108,754
60,763,89,762,158,760,233,758,312,756,384,755,413,755,413,771,384,771,312,773,233,774,158,776,89,778,60,780
95,800,373,794,374,813,95,819
80,826,109,824,180,821,225,819,287,818,377,818,406,818,405,835,376,834,287,835,226,836,180,837,110,841,81,843
