179,175,200,177,246,180,270,182,314,184,345,183,377,183,377,202,344,202,314,203,269,201,244,199,199,196,178,194
87,197,120,201,186,207,281,211,356,210,406,210,439,208,439,226,407,228,357,228,280,229,185,225,118,219,86,216
183,232,209,234,245,236,294,236,327,238,352,237,381,236,381,253,352,254,328,255,293,253,245,253,208,251,183,249
203,299,384,299,384,321,203,321
368,342,389,338,405,336,429,335,451,335,481,335,498,335,498,353,481,353,451,353,430,353,406,354,388,356,368,360
75,343,202,338,203,359,76,363
419,407,507,404,508,426,419,428
261,412,270,413,283,414,297,413,308,415,323,410,333,410,335,429,326,429,308,434,298,432,284,433,270,432,260,431
82,426,113,426,113,447,82,447
80,464,125,459,178,454,248,448,296,444,345,441,390,437,389,463,344,467,298,469,250,474,181,479,127,485,82,489
446,476,520,474,521,496,447,498
270,484,282,483,294,480,306,481,318,480,330,478,341,476,342,499,330,501,319,503,310,503,293,503,282,505,271,506
88,502,119,502,119,528,88,528
93,544,132,543,165,542,216,536,281,521,335,517,364,511,364,534,335,539,284,544,220,558,169,564,134,565,95,566
457,547,532,547,532,569,457,569
275,558,287,556,301,554,314,553,325,552,338,550,350,548,353,572,341,574,328,576,319,577,301,578,289,580,277,582
98,586,126,586,126,611,98,611
463,593,539,590,540,612,464,616
96,645,124,637,152,634,175,624,214,616,240,613,264,610,265,636,241,639,219,642,182,649,158,660,126,663,98,671
195,698,225,688,278,680,323,666,386,663,425,662,461,663,463,683,427,682,386,683,324,687,283,700,229,708,199,718
