320,323,328,322,338,320,346,320,358,319,370,319,378,319,375,333,368,334,360,333,347,335,338,335,328,337,320,338
31,321,44,322,54,322,70,322,79,322,97,325,104,326,102,340,95,339,78,336,70,336,54,336,44,336,31,336
179,322,187,323,198,324,211,325,213,324,227,323,234,320,236,335,229,337,217,338,208,340,196,338,187,338,180,336
264,324,281,324,281,338,264,338
37,341,62,342,129,344,196,344,230,343,293,342,318,342,318,356,294,357,230,358,196,359,128,358,62,356,37,356
33,361,62,362,78,362,120,364,145,364,170,362,198,361,198,376,169,378,145,379,120,379,78,378,62,378,33,377
327,381,382,379,382,395,328,397
31,382,142,382,142,398,31,398
188,383,241,383,241,398,188,398
319,401,380,399,381,415,319,418
31,403,52,403,52,417,31,417
31,421,239,421,239,438,31,438
326,440,380,440,380,456,326,456
30,441,142,441,142,457,30,457
188,443,239,443,239,457,188,457
319,462,379,459,379,475,319,477
31,463,50,463,50,478,31,478
30,499,206,499,206,517,30,517
326,501,379,501,379,515,326,515
30,520,165,518,165,536,30,537
309,520,370,520,370,536,309,536
30,539,148,539,148,556,30,556
325,540,379,540,379,555,325,555
37,559,107,559,107,576,37,576
318,560,379,560,379,575,318,575
29,579,130,579,130,597,29,597
325,581,379,581,379,595,325,595
95,598,309,598,309,617,95,617
27,639,170,639,170,656,27,656
328,643,376,643,376,656,328,656
27,660,233,657,234,675,27,677
360,665,369,665,369,677,360,677
26,680,136,680,136,697,26,697
232,679,378,681,377,698,232,696
91,744,120,742,144,741,193,740,237,742,287,743,309,744,309,761,287,760,236,758,194,756,145,757,120,758,91,761
37,762,62,762,126,764,195,764,269,763,311,765,336,765,336,779,311,779,269,777,195,778,125,778,62,777,37,776
63,802,325,802,325,819,63,819
21,822,366,825,366,841,21,837
