72,122,348,117,348,135,72,140
107,147,133,146,180,145,216,145,240,145,282,143,308,143,308,158,282,158,240,160,217,160,180,160,133,161,108,161
67,169,93,168,137,167,203,166,272,164,333,163,359,163,358,177,333,178,272,179,203,180,138,181,93,182,67,183
92,189,115,188,149,189,219,186,256,186,300,187,322,188,322,201,299,200,256,199,219,199,149,202,115,201,92,202
113,215,303,214,303,237,114,239
151,247,265,247,265,261,151,261
218,269,363,265,363,280,219,284
166,270,194,270,194,282,166,282
46,270,53,270,68,271,80,271,89,271,104,272,113,273,112,286,103,285,87,283,80,283,68,284,52,282,45,282
131,270,148,270,148,282,131,282
42,290,148,290,148,305,42,305
62,314,85,313,121,311,163,312,221,311,276,311,299,310,299,323,276,323,221,323,163,324,121,324,85,326,62,327
232,330,280,330,280,345,232,345
325,330,372,330,372,343,325,343
43,354,141,352,141,365,43,367
42,373,64,374,98,374,128,374,164,374,193,373,219,372,219,386,193,387,164,388,128,388,98,388,64,388,42,387
234,394,280,394,280,407,234,407
326,394,372,394,372,407,326,407
162,396,179,396,179,404,162,404
41,414,56,414,80,414,97,414,113,415,137,414,151,415,152,429,137,428,113,428,97,427,80,427,56,428,41,428
43,435,69,435,115,436,163,436,207,435,254,435,280,434,280,448,254,449,207,449,163,450,115,450,69,449,43,449
43,456,123,458,123,473,43,471
235,456,242,456,251,456,261,456,269,456,277,456,284,456,283,470,276,470,269,470,262,470,250,470,241,470,234,470
233,477,241,477,249,477,261,477,268,477,275,477,282,477,283,491,275,491,269,491,261,491,250,491,240,491,233,491
43,478,50,477,61,477,73,477,81,477,89,477,99,477,99,491,88,491,82,491,72,491,62,491,50,491,43,492
163,478,182,478,182,488,163,488
327,477,377,479,376,500,326,498
126,480,133,480,133,488,126,488
38,503,45,503,56,502,70,503,79,503,89,502,96,501,98,516,90,516,80,517,69,517,55,516,46,517,38,517
140,505,159,505,159,516,140,516
39,521,55,521,88,522,114,522,150,521,174,521,199,521,199,535,174,535,150,535,114,536,88,536,54,535,38,535
327,521,335,521,345,521,355,521,363,522,371,522,378,522,378,536,371,536,363,536,356,535,343,535,335,535,328,535
40,548,56,548,88,549,113,549,142,548,175,549,195,549,194,563,175,563,143,562,112,563,88,563,56,562,39,562
332,550,377,550,377,562,332,562
44,571,148,571,148,586,44,586
202,573,232,573,232,585,202,585
322,575,329,573,340,572,350,571,359,572,374,572,382,573,380,587,372,586,360,586,351,585,339,586,329,587,322,589
48,593,152,593,152,608,48,608
326,596,378,594,378,608,326,609
42,620,71,620,157,620,204,620,254,623,322,621,351,621,351,637,323,636,254,639,204,636,157,636,71,636,43,636
154,645,167,645,193,646,214,645,234,645,255,645,278,645,278,659,256,659,234,659,215,659,193,660,166,659,153,659
121,664,141,665,183,666,210,667,238,665,272,666,295,664,294,677,272,679,239,678,210,680,182,679,141,678,121,677
92,712,345,712,345,731,92,731
