263,51,324,46,327,77,266,82
174,61,326,46,332,109,180,124
166,144,198,137,215,135,247,128,285,126,313,124,341,124,342,145,314,146,287,148,249,150,218,156,201,158,169,165
214,166,225,163,236,161,249,159,261,159,272,159,283,160,285,180,274,179,264,179,254,179,237,181,223,184,213,186
148,181,414,162,419,231,153,249
145,214,158,214,158,233,145,233
120,224,355,210,359,281,124,295
376,287,389,286,401,286,419,284,435,283,454,281,468,278,468,304,455,306,436,308,422,309,403,311,389,311,376,313
65,311,81,311,101,312,131,310,149,308,179,305,198,303,201,324,182,326,152,330,132,331,102,333,80,333,65,332
225,306,235,306,235,323,225,323
375,310,390,310,390,332,375,332
63,333,76,334,93,332,104,334,115,333,132,331,141,329,143,347,134,349,117,351,103,352,93,351,77,352,64,351
374,373,393,373,404,373,427,373,445,372,457,370,476,364,475,390,456,395,447,397,428,399,404,399,394,399,375,399
66,392,241,381,244,428,68,439
377,398,394,398,394,420,377,420
380,460,397,461,409,462,426,461,448,460,466,458,478,456,476,479,464,481,449,483,429,484,408,485,399,484,382,483
67,471,203,466,205,513,69,518
381,482,396,482,396,505,381,505
382,548,480,545,481,590,383,594
70,550,308,550,308,598,70,598
415,605,432,610,443,611,451,613,466,610,477,609,489,605,491,628,479,632,465,633,455,636,442,634,428,633,411,628
280,611,294,613,311,612,324,614,332,612,351,611,364,607,366,632,352,636,333,637,325,639,312,637,292,638,278,637
71,617,83,616,104,615,133,615,147,614,172,614,189,613,188,636,170,637,149,637,134,638,104,638,82,639,70,640
387,656,404,655,415,654,433,654,451,653,467,649,484,643,480,665,463,672,454,676,434,677,415,677,404,678,387,679
76,657,212,654,212,679,77,681
237,662,289,662,289,679,237,679
390,677,403,677,403,696,390,696
76,679,162,676,163,700,77,703
390,735,482,735,482,758,390,758
85,739,257,739,257,763,85,763
392,761,405,761,405,778,392,778
87,760,188,757,189,780,88,782
390,812,482,807,484,846,392,851
94,812,227,812,227,859,94,859
396,885,486,885,486,908,396,908
94,887,225,887,225,911,94,911
400,906,413,906,413,926,400,926
94,906,186,906,186,930,94,930
411,964,493,964,493,988,411,988
143,966,257,966,257,990,143,990
382,1007,395,1006,410,1006,430,1005,451,1005,463,1004,480,1003,480,1026,463,1027,453,1028,429,1028,411,1029,393,1029,381,1030
90,1013,109,1011,120,1011,135,1009,159,1011,170,1011,190,1013,187,1033,168,1031,159,1031,136,1029,118,1031,108,1031,89,1033
285,1009,297,1009,297,1029,285,1029
285,1048,319,1048,319,1071,285,1071
383,1047,402,1047,412,1047,432,1047,454,1047,465,1046,484,1044,485,1070,466,1072,455,1073,431,1073,413,1073,403,1073,383,1073
92,1050,135,1050,135,1074,92,1074
276,1089,379,1089,379,1112,276,1112
113,1091,177,1091,177,1114,113,1114
115,1114,340,1109,341,1133,115,1138
98,1153,263,1150,264,1194,99,1197
436,1164,510,1161,510,1184,437,1187
289,1168,383,1168,383,1191,289,1191
389,1207,509,1198,512,1236,392,1245
301,1206,422,1204,422,1226,302,1229
222,1209,257,1209,257,1228,222,1228
102,1213,270,1213,270,1254,102,1254
364,1226,375,1226,375,1243,364,1243
323,1228,336,1228,336,1245,323,1245
106,1250,129,1251,170,1250,219,1249,259,1246,300,1244,337,1240,336,1261,300,1264,260,1266,219,1269,171,1270,130,1271,106,1271
168,1335,443,1325,444,1348,169,1358
