484,279,582,279,582,294,484,294
438,295,630,291,631,307,438,311
427,312,637,309,637,324,427,327
387,327,414,327,479,327,529,329,576,326,656,325,683,323,684,338,657,340,576,342,529,344,479,342,413,343,386,342
368,342,681,344,680,364,368,361
368,362,395,362,451,362,529,363,576,362,650,361,677,360,677,375,650,376,577,377,529,378,451,377,394,377,367,376
425,381,641,381,641,397,425,397
401,397,668,399,667,417,401,415
414,415,659,419,659,436,414,432
408,433,670,438,670,454,407,449
406,469,661,471,661,488,405,486
351,487,689,489,689,509,351,506
349,525,421,528,421,545,348,542
471,528,702,528,702,545,471,545
347,544,702,547,702,566,346,563
337,581,366,581,418,581,459,582,507,583,565,585,597,586,598,605,566,604,506,601,459,600,418,599,366,599,338,599
338,602,399,602,399,619,338,619
486,602,495,602,511,605,526,603,549,604,565,603,575,603,575,622,565,622,548,622,527,622,513,624,494,621,484,620
620,602,633,602,646,604,664,602,686,602,695,603,712,605,710,624,693,622,685,621,665,621,648,622,631,621,618,620
403,622,491,622,491,639,403,639
626,663,715,663,715,685,626,685
335,669,368,667,396,666,444,665,485,665,522,664,559,663,558,683,521,684,485,685,444,685,396,686,368,687,335,689
382,695,414,691,433,689,470,689,502,691,530,689,562,689,562,706,530,707,503,709,470,707,433,707,414,709,382,712
328,736,349,736,402,736,432,736,472,735,513,736,546,737,544,755,512,754,472,753,433,754,403,754,348,754,327,754
630,757,724,757,724,781,630,781
327,759,410,759,410,781,327,781
622,810,639,808,661,810,678,806,692,807,712,807,730,808,728,831,711,830,692,830,680,829,660,833,638,831,621,833
325,812,526,812,526,833,325,833
320,866,349,866,389,865,439,865,471,862,522,862,550,861,550,882,521,884,472,884,439,886,390,887,348,888,319,888
642,863,654,862,669,861,684,861,702,861,723,861,736,861,733,884,721,884,704,884,684,884,673,884,650,885,637,886
320,890,650,887,650,914,320,917
338,921,412,921,412,942,338,942
338,947,414,947,414,969,338,969
337,975,354,977,386,977,407,979,437,981,467,981,484,981,484,1000,467,1000,437,1000,406,997,388,996,352,995,335,994
333,1007,362,1006,427,1007,478,1005,522,1007,587,1004,625,1004,624,1026,587,1025,522,1028,479,1027,426,1028,361,1028,333,1028
337,1092,380,1092,444,1096,520,1093,587,1092,664,1092,706,1092,706,1115,663,1116,588,1116,520,1117,444,1119,378,1116,336,1115
345,1129,388,1127,455,1124,507,1124,577,1123,630,1127,673,1130,674,1153,631,1151,576,1147,507,1148,455,1148,388,1151,345,1153
295,1181,338,1181,411,1182,466,1182,546,1185,611,1185,654,1186,654,1210,611,1209,546,1210,465,1206,411,1207,337,1206,294,1206
694,1183,733,1183,733,1209,694,1209
