272,307,287,305,314,304,336,302,357,303,379,301,397,301,397,315,379,315,357,316,337,316,314,318,287,319,272,320
263,327,281,326,312,325,330,324,361,322,384,323,407,323,407,336,384,336,362,335,330,337,313,338,281,340,263,341
254,369,274,370,302,370,341,369,362,367,390,367,421,366,422,384,391,386,362,386,341,387,303,389,274,388,254,388
219,396,242,395,274,393,322,392,379,391,425,387,449,386,449,399,426,400,380,404,322,404,275,406,242,408,219,409
195,413,218,413,259,411,295,411,344,410,374,406,397,404,398,418,375,420,344,423,295,424,260,425,219,426,195,427
366,427,371,427,375,427,381,426,386,426,396,425,401,425,400,436,395,436,388,436,381,437,375,437,369,438,363,438
190,432,200,432,216,430,224,430,240,431,251,430,263,430,264,442,251,443,240,443,224,443,217,443,199,444,190,445
436,442,443,441,449,441,459,440,469,440,476,440,483,439,481,451,474,452,469,453,459,453,451,454,442,454,435,454
363,444,370,444,375,443,380,444,387,443,393,443,400,441,400,454,393,455,388,455,382,457,375,455,368,457,361,457
294,448,316,448,316,459,294,459
193,451,241,451,241,462,193,462
203,468,231,468,282,466,317,466,369,464,428,462,456,461,456,476,429,478,370,480,317,482,282,482,231,483,204,483
448,480,483,480,483,496,448,496
363,485,370,484,377,483,382,484,388,484,396,484,402,484,401,496,394,496,390,496,383,496,376,495,371,497,364,498
294,488,318,488,318,499,294,499
189,510,210,510,259,508,280,509,326,506,351,507,375,508,376,521,352,521,327,520,280,522,260,522,211,524,190,524
446,520,454,521,458,522,463,522,472,521,480,521,488,521,484,535,476,535,473,536,466,536,459,536,450,535,443,535
365,527,372,526,380,524,383,525,391,525,397,525,403,525,403,537,397,537,390,538,386,537,380,536,372,538,365,539
296,529,318,529,318,539,296,539
193,551,447,544,448,560,193,568
448,567,455,565,463,564,466,564,473,565,480,565,487,565,486,578,479,577,474,577,469,576,460,576,456,578,449,579
367,569,373,568,381,566,385,566,392,567,399,566,405,566,404,579,398,579,392,579,387,579,379,579,374,580,368,582
296,569,320,569,320,580,296,580
193,591,468,586,469,603,193,609
444,606,488,606,488,622,444,622
359,610,367,609,375,607,386,607,392,607,399,607,407,607,408,622,400,622,392,622,385,622,375,622,368,624,360,625
297,612,321,612,321,622,297,622
193,635,425,628,425,645,193,651
444,649,452,649,457,649,469,649,476,649,484,649,492,649,492,664,484,664,477,664,466,664,460,663,449,663,441,663
369,651,377,651,381,650,386,651,395,651,401,651,409,651,409,665,401,665,395,665,389,665,382,664,373,665,366,665
297,654,321,654,321,665,297,665
193,677,348,673,349,689,193,693
448,692,492,692,492,708,448,708
363,695,371,695,377,694,387,694,395,694,401,694,409,694,409,708,401,708,395,708,385,708,380,708,370,709,362,710
297,697,323,697,323,708,297,708
196,721,220,720,271,720,328,719,363,719,412,719,436,719,436,732,413,732,363,732,328,732,271,733,220,734,197,734
372,739,379,739,383,737,388,738,396,738,405,737,413,735,409,750,401,751,397,753,390,753,383,752,377,753,370,754
457,737,494,737,494,753,457,753
299,740,323,740,323,752,299,752
195,761,345,761,345,777,195,777
371,782,379,782,385,781,390,782,398,782,407,782,414,782,410,796,402,796,398,796,391,796,385,796,378,796,370,796
456,783,463,782,470,781,474,781,483,782,491,782,499,783,496,797,488,796,483,796,477,796,469,796,463,796,456,797
299,785,323,785,323,795,299,795
192,808,245,811,244,828,191,825
280,814,296,814,296,825,280,825
444,827,452,827,462,827,470,826,481,827,493,827,501,827,500,842,492,841,480,841,472,840,461,842,452,841,444,842
191,827,198,828,213,831,220,831,235,830,251,831,257,831,255,844,248,845,236,843,222,845,210,845,197,842,191,840
447,856,454,855,467,854,472,853,482,854,492,854,499,855,499,867,493,867,482,867,473,866,466,867,454,867,447,869
189,854,198,855,211,856,217,857,229,855,242,855,251,854,250,871,241,872,228,872,219,873,210,873,197,872,188,871
192,875,206,875,224,875,240,875,257,875,269,875,286,875,286,889,268,889,258,889,240,889,225,889,205,889,191,889
449,875,500,875,500,891,449,891
335,876,343,877,346,875,350,876,356,875,359,890,367,890,371,876,364,877,355,889,351,891,347,890,337,890,330,890
206,905,497,903,497,920,206,923
304,926,316,926,335,926,350,927,365,926,380,926,395,925,396,938,381,939,365,939,351,939,335,939,316,939,304,938
238,943,459,940,459,952,238,956
