130,109,309,101,310,120,131,128
54,140,83,139,150,136,228,133,299,130,347,127,375,126,376,142,348,144,300,146,228,149,151,153,84,155,55,156
133,161,311,153,312,169,134,176
143,216,305,210,306,228,144,234
288,250,304,247,325,246,344,243,365,243,387,242,409,242,409,256,387,257,366,257,344,258,326,260,304,262,288,264
48,255,143,251,143,265,49,269
327,304,411,304,411,323,327,323
187,310,195,311,205,312,216,312,226,313,239,309,247,308,250,323,242,324,227,329,217,327,205,327,195,326,187,325
52,318,72,318,72,332,52,332
49,347,69,345,101,342,116,341,144,340,178,340,194,339,193,357,176,358,145,358,117,359,102,360,69,363,50,365
191,368,247,366,248,385,192,387
355,366,413,366,413,385,355,385
356,401,414,401,414,420,356,420
52,408,74,406,92,409,116,403,139,403,158,404,180,406,177,425,156,423,140,422,117,422,93,428,73,426,52,427
120,449,144,447,183,448,230,444,269,443,312,447,339,448,339,464,312,462,268,458,230,460,184,464,143,463,120,464
