157,78,185,78,213,77,256,77,280,75,318,77,347,77,347,94,318,94,279,92,256,94,213,94,186,95,157,95
165,100,339,98,339,115,165,117
17,115,129,115,129,145,17,145
173,122,199,121,225,120,254,120,276,121,307,121,327,122,328,137,308,136,276,136,254,135,226,136,199,136,173,137
196,141,306,140,306,158,197,159
126,181,259,179,259,196,126,198
16,202,232,200,232,218,16,221
280,201,369,201,369,218,280,218
264,221,378,221,378,238,264,238
15,223,24,224,39,224,54,224,63,223,76,223,88,222,87,235,75,236,64,236,55,237,37,237,24,237,15,237
316,260,371,260,371,277,316,277
169,262,175,263,185,264,200,264,207,264,217,262,223,261,224,274,217,275,209,277,197,277,186,277,175,276,168,276
16,263,30,262,39,262,54,261,65,262,82,263,89,264,88,279,81,278,64,277,55,276,40,278,30,277,16,279
255,263,272,263,272,277,255,277
17,280,362,280,362,298,17,298
325,301,378,298,379,315,325,317
17,300,130,300,130,316,17,316
180,302,231,302,231,316,180,316
20,338,199,338,199,356,20,356
325,340,378,340,378,356,325,356
20,357,158,358,158,376,19,375
359,362,369,362,369,373,359,373
17,378,39,377,53,376,83,376,99,378,126,378,141,379,141,396,126,395,99,395,83,393,54,393,39,393,17,395
324,379,377,379,377,394,324,394
28,398,96,398,96,412,28,412
324,399,378,399,378,415,324,415
16,417,32,417,50,417,67,417,86,416,108,418,125,418,125,434,108,433,86,431,67,432,50,432,32,432,16,432
332,419,378,419,378,432,332,432
87,434,116,434,157,436,201,436,234,436,269,436,298,436,298,452,269,452,234,452,201,452,157,452,116,451,87,450
18,471,165,475,165,492,18,488
241,477,377,477,377,490,241,490
18,492,38,492,89,493,116,494,158,492,193,492,220,492,219,507,193,508,158,507,116,509,88,508,38,508,18,507
18,510,132,510,132,528,18,528
228,514,245,514,278,515,297,514,329,514,363,516,377,516,377,532,363,531,329,530,297,530,277,530,245,529,228,529
77,570,100,570,142,571,192,570,244,573,287,575,310,577,309,592,286,590,244,588,192,585,142,586,100,584,77,584
20,589,378,594,378,610,19,604
72,628,98,628,141,628,183,629,244,630,281,630,307,630,306,645,280,645,244,645,183,645,141,643,98,644,72,644
16,647,372,652,372,668,16,664
