80,90,411,90,411,122,80,122
98,130,126,131,191,131,243,131,293,131,348,130,381,130,381,149,348,149,293,150,243,150,190,151,126,150,97,149
250,145,255,145,255,152,250,152
298,145,304,145,304,152,298,152
185,160,214,160,214,178,185,178
269,162,300,162,300,183,269,183
43,191,76,190,182,187,264,187,326,187,389,187,421,186,422,205,389,205,326,206,264,205,182,205,75,208,43,209
29,210,49,210,76,212,96,210,128,213,155,211,171,211,172,229,156,229,127,231,97,228,75,230,48,228,28,228
28,230,49,231,62,232,81,233,106,232,126,236,139,238,139,256,125,255,104,251,81,252,61,251,49,250,28,249
102,270,173,271,172,289,102,287
287,270,330,270,330,288,287,288
228,272,246,272,246,288,228,288
411,272,462,272,462,287,411,287
66,301,179,301,179,318,66,318
284,312,337,312,337,327,284,327
45,313,53,313,53,326,45,326
408,313,463,313,463,327,408,327
236,314,243,314,243,326,236,326
65,321,110,321,110,339,65,339
66,340,186,340,186,357,66,357
43,351,55,351,55,366,43,366
284,351,337,351,337,367,284,367
408,352,463,352,463,368,408,368
236,354,243,354,243,365,236,365
65,358,150,360,149,381,65,379
62,387,161,387,161,404,62,404
400,389,462,389,462,404,400,404
79,413,87,414,101,413,113,415,127,417,142,414,154,413,154,430,142,431,128,433,113,432,100,430,87,430,79,430
405,416,413,416,423,415,438,416,446,416,457,417,465,417,464,432,456,432,446,431,436,432,423,431,414,431,406,432
62,440,175,440,175,457,62,457
400,441,462,441,462,457,400,457
62,461,206,461,206,477,62,477
399,462,462,462,462,478,399,478
61,481,147,481,147,498,61,498
451,486,462,486,462,499,451,499
78,507,186,507,186,524,78,524
406,509,462,509,462,525,406,525
