83,62,155,61,236,60,298,61,408,64,474,64,546,65,544,105,473,104,407,104,297,101,235,100,155,101,84,102
126,117,514,114,515,143,126,146
234,159,276,159,276,184,234,184
357,159,404,159,404,188,357,188
26,202,72,201,204,199,339,196,430,196,521,195,567,195,567,221,521,221,430,222,339,222,204,225,72,227,26,228
8,230,222,235,222,262,7,257
8,261,32,262,63,266,82,266,117,264,148,269,172,271,171,298,147,296,117,290,81,292,63,292,32,289,8,288
581,328,639,328,639,350,581,350
392,330,458,330,458,355,392,355
114,334,220,334,220,357,114,357
305,334,336,334,336,357,305,357
51,384,80,383,117,383,138,382,168,383,208,383,237,384,237,409,207,408,169,408,138,407,117,408,80,408,51,409
585,392,635,392,635,415,585,415
392,396,475,396,475,419,392,419
24,400,37,400,37,419,24,419
56,411,126,411,126,438,56,438
58,442,245,442,245,467,58,467
589,450,622,450,622,475,589,475
396,454,479,454,479,477,396,477
20,456,37,456,37,479,20,479
56,469,272,469,272,498,56,498
583,510,641,510,641,533,583,533
51,514,209,514,209,541,51,541
600,552,633,552,633,575,600,575
47,556,71,557,100,557,128,558,156,561,177,556,196,554,198,579,179,581,155,586,127,583,101,582,73,582,49,581
593,598,629,598,629,620,593,620
49,602,234,602,234,631,49,631
595,635,633,635,633,660,595,660
47,641,284,637,284,667,47,671
42,677,66,677,91,676,118,676,145,672,164,674,188,673,188,700,164,701,146,699,116,703,93,703,69,704,44,703
616,716,645,716,645,739,616,739
49,723,234,719,235,749,49,753
141,765,182,766,248,763,364,766,457,761,502,761,543,759,543,783,502,784,457,785,364,790,248,787,182,789,141,789
127,794,173,792,229,790,372,788,453,788,544,792,590,794,590,821,544,819,453,815,372,815,230,817,174,819,128,821
148,822,194,820,262,816,347,815,428,816,505,814,550,814,550,840,504,840,428,841,347,841,263,842,195,845,149,848
37,1075,88,1074,239,1063,314,1068,444,1067,548,1067,599,1067,599,1096,548,1096,445,1096,314,1097,240,1092,89,1104,38,1104
101,1100,639,1096,639,1129,101,1134
225,1129,268,1128,312,1130,360,1127,434,1129,471,1129,514,1130,514,1162,471,1160,434,1160,360,1159,313,1161,266,1159,223,1160
35,1212,101,1206,181,1200,316,1197,439,1203,494,1199,560,1199,561,1236,494,1236,438,1240,316,1234,182,1237,104,1244,38,1249
42,1252,103,1247,199,1239,357,1236,453,1241,550,1239,611,1243,612,1278,550,1274,452,1276,357,1271,201,1273,107,1282,45,1287
27,1292,60,1289,132,1284,178,1279,256,1274,299,1274,353,1273,352,1307,298,1308,258,1309,179,1314,134,1318,62,1323,30,1327
