313,180,341,186,362,189,387,190,416,191,442,191,464,190,466,207,444,207,416,208,386,207,361,205,339,202,310,196
295,209,319,211,346,212,377,215,419,216,447,214,472,212,473,227,449,229,420,231,376,229,344,226,317,225,293,223
192,217,220,217,220,232,192,232
280,256,306,261,341,265,390,268,418,269,450,265,486,262,489,285,453,289,418,293,389,292,339,289,304,285,278,280
204,280,212,280,229,283,242,283,254,285,271,290,279,292,276,308,268,306,250,301,239,300,229,300,209,296,201,296
395,301,410,299,447,296,474,292,500,289,523,286,547,282,548,296,524,300,502,303,475,306,450,310,410,314,394,315
299,291,371,294,371,311,298,308
201,297,229,304,292,312,362,321,429,321,483,315,512,311,514,327,486,331,430,337,361,337,290,329,227,320,199,313
505,336,514,334,523,332,533,331,542,330,553,328,565,326,565,342,553,345,545,347,534,348,527,348,514,351,506,352
326,341,356,341,356,354,326,354
408,343,459,340,460,357,409,360
211,345,244,353,301,360,353,368,411,368,463,365,496,362,498,381,465,383,411,387,352,386,298,378,242,371,210,364
506,384,561,377,563,395,508,402
319,388,326,388,330,387,337,388,342,388,345,402,352,404,357,391,350,389,340,401,336,401,330,400,324,401,317,401
406,391,458,391,458,407,406,407
188,395,220,401,286,406,327,412,405,416,462,416,495,416,496,435,463,435,404,435,325,431,284,425,219,420,186,414
505,436,513,435,520,435,534,432,546,433,553,431,561,430,562,446,554,447,545,450,536,449,524,451,512,451,503,452
321,439,351,439,351,453,321,453
405,441,456,439,457,456,406,459
183,450,215,453,274,458,307,461,370,465,416,466,449,468,449,487,416,485,369,483,305,480,272,477,214,472,181,469
177,477,187,477,205,477,224,478,243,482,265,484,279,486,276,504,263,502,242,500,222,497,204,495,185,495,176,495
412,491,456,491,456,508,412,508
173,502,181,503,198,502,211,505,222,504,234,507,245,509,243,525,231,524,220,521,211,522,197,519,181,520,173,519
264,509,284,509,284,524,264,524
508,511,563,511,563,529,508,529
315,514,346,514,346,528,315,528
412,516,454,516,454,533,412,533
164,534,174,536,187,537,203,540,215,539,227,539,237,537,238,556,228,558,214,558,202,559,184,555,172,554,162,552
285,550,305,550,305,563,285,563
162,559,172,560,193,562,205,563,224,564,244,568,254,569,250,587,241,586,224,583,204,581,189,580,170,578,160,577
509,570,568,570,568,598,509,598
160,593,238,599,236,620,159,614
509,605,566,605,566,623,509,623
155,622,180,621,203,621,225,622,244,624,265,624,287,625,285,642,263,641,244,640,224,638,202,637,178,638,153,638
354,630,391,630,391,648,354,648
499,633,566,633,566,652,499,652
147,649,278,655,277,674,146,668
502,662,512,662,524,662,535,662,546,662,560,663,570,663,567,682,556,682,547,683,535,683,524,683,513,683,502,683
151,695,177,695,217,696,260,697,290,698,340,700,365,701,364,720,339,719,289,718,259,716,216,716,176,714,151,714
149,722,169,723,198,725,229,722,264,726,285,726,313,728,311,749,283,746,264,746,230,743,198,745,168,743,148,743
149,751,244,756,243,777,148,772
142,779,170,782,185,784,216,785,241,785,260,787,280,787,278,808,258,807,241,805,216,806,184,805,169,803,141,799
513,800,524,800,532,800,538,800,549,801,559,801,570,803,568,823,557,821,548,821,540,820,532,820,518,819,508,819
143,814,162,815,185,817,217,816,241,817,260,818,279,818,278,839,259,838,241,838,216,837,184,837,160,835,141,835
142,843,167,844,203,847,233,846,269,848,315,849,340,850,339,869,314,868,269,867,232,864,202,866,165,862,140,862
503,860,514,861,525,863,536,863,549,864,559,865,570,866,567,886,557,885,548,884,535,883,523,883,511,882,501,880
179,888,220,887,269,889,358,891,418,898,500,902,540,907,539,930,498,926,416,921,357,914,269,912,218,910,177,911
290,927,311,927,336,929,356,928,375,927,398,929,419,929,418,948,397,947,375,946,357,947,334,948,309,946,288,946
190,941,506,961,504,984,189,964
