161,68,323,68,323,86,161,86
140,94,340,94,340,110,140,110
35,113,65,113,65,127,35,127
134,149,350,151,350,176,134,174
49,179,67,180,99,180,129,181,165,181,196,183,220,184,219,198,195,197,164,195,130,195,98,195,67,194,49,193
251,184,279,183,299,184,337,183,366,183,400,183,414,183,414,199,399,199,366,199,338,200,300,200,278,200,250,200
69,203,97,204,144,205,197,206,273,209,343,207,370,207,371,223,343,223,273,225,197,222,143,220,97,220,69,219
42,223,53,224,77,225,87,225,106,227,128,227,139,228,138,244,127,243,106,244,86,242,76,241,53,240,42,240
277,231,320,231,320,246,277,246
42,247,108,250,107,265,42,263
182,253,205,253,205,266,182,266
371,253,425,253,425,269,371,269
273,256,281,255,288,256,295,254,302,254,312,254,320,254,319,269,311,269,304,269,297,269,289,271,279,270,271,271
43,273,75,275,143,276,220,280,283,280,333,282,364,283,364,300,333,299,283,297,219,297,142,294,74,292,43,291
38,299,50,299,74,300,86,300,105,302,126,302,139,303,138,316,125,316,105,316,85,314,74,314,50,313,37,313
276,304,320,304,320,320,276,320
39,323,145,323,145,338,39,338
174,324,181,326,184,325,191,327,196,325,203,327,210,327,209,340,202,340,198,338,189,340,185,338,177,338,170,336
274,329,317,326,318,342,275,345
371,328,423,328,423,342,371,342
38,349,66,350,121,351,166,352,217,354,270,355,298,355,298,371,271,370,217,370,166,368,121,366,66,365,38,365
39,371,132,376,131,392,39,388
274,376,318,376,318,392,274,392
38,398,144,398,144,413,38,413
175,399,206,399,206,413,175,413
273,401,316,401,316,416,273,416
369,402,422,402,422,418,369,418
44,424,72,425,162,426,202,427,268,429,338,427,366,427,366,443,339,443,268,445,201,443,162,442,71,441,44,440
34,448,50,448,63,449,81,449,101,452,114,450,132,449,131,463,113,464,100,466,81,463,63,463,50,462,34,462
271,451,279,451,286,453,294,452,301,451,311,451,319,450,318,465,310,466,302,466,296,467,287,468,278,466,270,466
35,473,143,473,143,488,35,488
174,477,181,476,183,474,188,476,194,474,199,476,206,476,207,489,200,489,194,487,190,488,183,487,178,488,171,489
272,476,316,476,316,491,272,491
367,475,375,475,386,475,398,475,408,475,418,475,426,475,426,490,418,490,408,490,399,490,383,490,374,490,366,490
35,501,311,503,311,521,35,519
172,527,179,527,182,525,187,527,192,525,198,527,205,527,205,540,199,540,194,538,187,540,181,538,177,539,170,540
263,527,317,527,317,542,263,542
368,526,375,527,385,528,398,529,407,528,419,528,426,527,424,541,417,542,409,542,399,543,384,542,374,541,367,541
23,555,32,557,45,557,61,560,73,559,85,558,94,556,96,573,87,575,74,576,61,578,44,574,32,574,23,573
144,561,164,561,164,575,144,575
21,578,39,581,50,582,63,582,83,581,103,585,111,586,109,602,101,601,82,598,65,598,47,598,39,597,21,594
361,583,371,583,382,582,395,585,405,583,421,583,428,582,427,596,420,597,406,597,396,599,381,596,370,597,360,597
19,612,28,613,49,615,57,616,71,615,91,615,100,614,99,632,90,633,71,633,57,634,48,633,30,631,21,630
362,616,427,616,427,632,362,632
21,637,147,637,147,654,21,654
218,641,255,641,255,657,218,657
362,641,429,641,429,660,362,660
25,681,229,681,229,698,25,698
25,707,145,707,145,727,25,727
22,734,113,734,113,751,22,751
406,735,426,735,426,749,406,749
21,760,150,763,150,782,20,779
382,762,426,760,427,776,382,778
20,788,38,789,60,790,91,789,113,788,132,788,150,788,149,804,131,805,114,804,91,805,60,806,37,805,19,804
20,814,45,812,88,813,108,812,149,813,186,814,211,815,209,831,185,830,149,830,108,828,88,830,44,828,20,831
371,813,425,813,425,829,371,829
45,847,76,847,145,848,220,848,286,849,354,847,385,847,385,864,354,864,286,866,220,865,145,865,76,864,44,864
171,872,284,872,284,888,171,888
149,888,169,888,203,889,246,889,299,889,340,889,360,889,361,901,340,901,299,902,245,901,203,901,169,901,148,900
