184,96,407,90,408,113,185,120
190,124,219,124,254,123,290,123,325,122,371,120,397,118,397,137,372,139,325,141,290,142,254,142,219,142,190,142
20,135,154,135,154,171,20,171
202,145,235,147,266,147,297,149,321,148,353,146,382,143,384,163,355,166,321,168,297,169,266,167,236,167,203,164
230,174,356,172,357,194,230,195
150,218,302,221,301,241,149,238
22,244,52,243,93,243,135,243,184,245,244,246,270,247,270,265,244,264,184,262,134,260,93,261,52,260,22,261
327,244,430,244,430,263,327,263
15,265,27,266,44,266,56,266,74,267,86,266,101,266,101,283,85,283,74,284,57,283,43,282,26,282,14,282
307,268,440,268,440,287,307,287
15,315,34,314,44,313,65,313,76,313,96,316,104,317,103,334,94,333,75,331,64,330,45,331,34,331,15,333
367,314,430,314,430,334,367,334
198,315,207,316,216,317,234,318,237,317,253,317,261,315,262,332,254,333,241,333,231,334,217,334,205,333,197,331
297,318,318,318,318,334,297,334
20,338,417,338,417,359,20,359
20,362,154,362,154,379,20,379
210,363,271,363,271,381,210,381
374,363,382,363,393,363,410,364,419,364,431,364,439,364,439,380,430,380,421,380,409,380,394,379,382,379,373,379
21,385,241,385,241,403,21,403
21,409,154,409,154,426,21,426
209,410,269,410,269,425,209,425
370,412,381,412,393,411,408,411,418,411,429,412,437,412,437,427,429,426,419,426,408,426,392,426,380,426,370,427
22,452,233,452,233,473,22,473
365,456,437,456,437,473,365,473
22,476,183,476,183,496,22,496
414,481,425,481,425,495,414,495
24,499,163,499,163,520,24,520
365,503,436,503,436,519,365,519
32,523,115,523,115,543,32,543
366,526,436,526,436,543,366,543
22,546,144,546,144,567,22,567
385,550,437,550,437,567,385,567
100,570,133,570,183,570,234,569,264,570,312,570,345,571,344,590,311,589,265,589,234,588,183,589,134,589,101,589
91,637,358,640,358,662,91,659
37,665,66,665,164,663,223,664,290,664,369,665,399,665,398,682,369,682,290,681,223,681,164,680,67,682,37,682
71,708,378,708,378,730,71,730
37,736,66,735,135,734,212,733,281,733,358,734,388,735,388,751,358,751,280,749,212,749,135,751,66,751,37,752
