198,233,267,239,266,257,197,252
204,260,317,260,317,301,204,301
216,298,311,298,311,332,216,332
106,361,141,362,207,363,250,363,308,364,354,362,389,361,389,382,354,383,309,384,250,384,207,383,141,382,105,382
174,392,333,390,333,408,174,410
177,422,328,420,329,442,178,443
133,453,368,450,368,477,133,479
78,485,95,486,106,486,123,486,141,488,160,486,172,485,171,500,160,501,142,504,123,502,105,501,97,501,79,500
198,486,316,486,316,502,198,502
156,508,177,508,202,509,226,508,253,505,285,509,306,509,304,525,284,524,253,521,226,524,202,525,177,524,156,524
81,510,120,510,120,525,81,525
78,533,103,533,169,533,212,532,242,533,300,533,327,534,327,550,300,549,242,549,212,548,169,549,103,549,78,549
75,559,92,558,109,558,126,557,139,555,153,556,169,554,168,571,152,573,141,572,126,574,109,575,91,575,75,576
206,556,333,556,333,572,206,572
74,581,98,581,127,580,158,581,194,581,222,581,249,581,249,596,222,596,194,596,158,596,128,595,98,596,74,596
125,603,187,603,187,619,125,619
262,603,279,603,279,619,262,619
317,603,357,603,357,619,317,619
396,604,405,603,412,603,421,601,432,603,443,605,452,609,448,625,439,622,432,620,422,618,412,620,401,620,392,621
60,634,152,632,152,649,60,651
314,635,357,635,357,651,314,651
266,638,271,638,271,649,266,649
400,637,444,637,444,653,400,653
58,657,150,657,150,675,58,675
313,661,355,661,355,678,313,678
399,662,445,664,444,685,398,683
78,685,126,691,124,712,76,706
260,694,270,694,270,708,260,708
381,696,441,696,441,713,381,713
72,723,92,724,110,727,136,726,166,727,187,727,207,726,205,744,185,745,165,746,135,744,111,745,91,742,71,741
380,731,445,736,443,765,378,760
73,761,267,766,266,790,72,784
361,771,445,775,444,798,359,793
260,817,283,818,314,818,346,820,384,823,422,825,440,827,439,848,420,846,382,843,345,841,313,839,281,838,259,838
254,883,269,884,281,885,296,884,314,885,322,887,337,890,337,904,322,901,313,899,296,898,279,899,270,897,255,897
387,892,395,892,405,892,418,894,427,894,435,896,443,898,440,913,432,912,425,910,415,910,404,908,394,908,387,908
267,902,339,905,338,922,266,918
