388,24,425,24,425,57,388,57
114,26,356,27,356,54,114,53
113,63,231,63,231,93,113,93
246,63,359,69,358,99,245,93
162,101,350,99,350,140,162,142
453,138,509,138,509,160,453,160
24,139,85,140,85,161,24,160
290,140,407,140,407,162,290,162
118,140,212,140,212,161,118,161
145,156,151,156,151,161,145,161
23,195,120,196,119,219,23,217
347,196,417,196,417,216,347,216
198,197,234,197,234,216,198,216
256,197,278,197,278,216,256,216
37,223,178,223,178,245,37,245
438,224,510,223,510,244,438,245
244,225,315,225,315,243,244,243
272,239,278,239,278,247,272,247
464,238,472,238,472,246,464,246
48,307,221,305,222,328,49,329
382,306,453,306,453,326,382,326
409,321,415,321,415,327,409,327
187,333,361,333,361,353,187,353
430,333,509,333,509,352,430,352
27,334,118,334,118,354,27,354
465,347,473,347,473,354,465,354
214,348,221,348,221,355,214,355
325,360,395,360,395,381,325,381
27,361,132,361,132,396,27,396
351,375,357,375,357,382,351,382
129,414,213,414,213,436,129,436
26,415,97,415,97,436,26,436
26,443,280,440,281,462,27,466
