468,114,636,108,637,141,470,147
407,160,436,157,505,155,544,152,609,150,656,151,703,150,700,181,652,182,608,182,546,183,507,186,436,188,408,191
123,174,339,183,337,238,121,230
436,191,474,195,517,194,548,198,589,191,639,191,670,187,670,222,638,226,589,226,551,232,517,229,476,230,438,225
460,239,653,232,654,266,461,272
328,305,359,306,403,307,468,307,498,305,544,302,586,298,587,326,545,330,499,333,469,334,402,335,359,334,328,332
129,346,177,345,227,345,311,345,389,347,463,346,511,347,512,375,464,375,389,375,310,373,227,373,176,373,128,374
607,343,779,338,780,368,608,373
110,379,130,382,160,380,179,386,210,384,230,384,256,381,257,409,231,412,208,412,182,414,158,408,127,410,107,407
575,383,603,385,634,384,677,385,709,382,755,381,778,379,778,405,755,406,710,407,676,410,636,410,602,410,575,408
689,463,785,463,785,491,689,491
118,466,261,469,261,500,117,497
583,469,612,469,612,493,583,493
413,472,425,472,454,472,468,471,485,474,513,470,525,472,527,497,514,496,486,500,469,496,452,497,425,497,412,498
148,506,197,508,313,510,389,511,487,512,623,508,671,507,673,535,624,536,488,540,389,539,312,539,197,536,148,534
691,542,788,542,788,570,691,570
127,551,342,551,342,581,127,581
432,551,531,551,531,579,432,579
139,592,188,593,282,593,348,592,459,591,535,588,583,586,585,613,536,615,460,618,347,619,282,620,188,620,140,620
697,623,787,620,788,645,698,649
435,631,448,631,464,631,488,630,504,630,520,629,533,629,533,654,520,654,506,655,488,655,465,656,446,656,433,655
135,634,269,629,270,659,136,664
695,698,790,698,790,722,695,722
154,711,203,711,266,707,312,708,360,704,421,702,470,699,470,727,422,730,361,731,312,735,267,734,204,738,155,738
151,747,179,747,237,748,286,746,334,744,377,741,420,738,421,763,378,766,334,768,287,771,239,772,179,772,151,772
693,772,785,770,786,795,693,798
154,785,376,773,378,807,156,819
693,810,788,810,788,838,693,838
171,827,300,818,302,850,173,859
711,849,788,849,788,873,711,873
156,868,346,858,348,890,158,900
278,900,321,899,409,894,466,893,529,890,630,888,667,887,667,915,630,916,530,918,466,921,410,921,323,927,280,928
279,1023,321,1019,395,1010,499,1010,553,1009,645,1008,683,1009,683,1037,645,1036,553,1037,498,1038,396,1038,326,1047,283,1051
186,1075,235,1071,383,1050,488,1052,588,1047,676,1049,725,1049,724,1077,676,1076,589,1074,487,1079,386,1077,237,1098,189,1102
249,1155,297,1148,384,1131,484,1131,566,1130,632,1127,681,1127,681,1155,632,1155,567,1158,483,1159,385,1158,302,1176,254,1183
190,1201,239,1193,371,1170,448,1167,562,1172,683,1169,732,1173,732,1200,683,1197,562,1200,447,1194,375,1197,242,1220,193,1228
