309,200,733,200,733,239,309,239
134,255,190,257,354,260,505,261,647,259,798,260,854,259,854,291,798,292,647,291,505,293,354,292,188,289,132,288
307,312,729,312,729,346,307,346
323,434,708,434,708,472,323,472
79,505,309,509,309,544,78,540
667,519,706,515,755,513,802,509,853,508,905,509,958,510,958,545,905,544,853,543,802,543,758,547,703,549,664,553
77,647,127,650,126,681,75,678
754,648,952,648,952,689,754,689
412,648,428,651,454,653,481,655,507,657,538,651,555,649,557,682,541,684,509,690,480,688,451,686,428,684,412,681
73,708,327,710,326,759,73,756
402,778,560,778,560,820,402,820
791,783,952,783,952,826,791,826
66,853,114,852,156,859,220,849,278,852,326,857,365,863,359,905,321,899,277,894,220,891,158,901,110,894,62,895
787,863,949,863,949,905,787,905
226,950,784,961,783,1002,226,992
