167,139,352,136,352,167,168,170
171,183,353,178,353,198,172,203
63,218,97,219,198,220,279,219,319,217,425,216,459,214,460,233,427,235,319,237,280,239,198,240,97,238,63,238
310,256,329,255,365,256,400,253,420,254,463,250,478,251,479,268,464,267,420,271,401,270,366,273,329,272,310,273
52,255,84,256,118,257,153,257,195,258,223,257,254,255,255,274,224,275,195,276,154,276,118,276,82,274,51,274
394,287,473,285,473,302,394,304
54,290,289,290,289,309,54,309
344,323,434,320,435,345,344,347
233,323,319,323,319,348,233,348
97,325,208,325,208,350,97,350
423,367,472,367,472,384,423,384
151,369,160,370,175,372,192,372,210,375,230,369,239,368,241,386,232,387,211,393,192,390,175,390,159,388,150,387
262,368,366,372,366,391,262,387
56,372,106,372,106,389,56,389
54,401,267,401,267,424,54,424
387,428,468,428,468,449,387,449
151,432,231,429,231,451,151,453
417,444,423,444,423,451,417,451
182,446,188,446,188,454,182,454
199,468,240,468,273,468,319,469,391,467,417,468,458,467,459,491,418,492,391,491,319,493,273,492,241,492,199,492
147,517,171,515,213,516,261,512,302,512,348,514,372,515,373,529,349,528,302,526,261,526,214,530,172,529,148,531
