215,89,235,90,267,90,286,91,316,88,333,89,357,89,355,110,331,110,316,109,287,112,267,112,235,111,216,110
196,115,222,115,257,117,289,116,318,115,347,114,376,110,375,130,345,133,317,135,289,136,256,137,221,135,196,135
32,130,156,130,156,163,32,163
209,139,238,141,254,142,281,142,307,142,335,141,360,140,361,159,335,159,306,160,281,160,254,161,237,159,208,158
228,167,344,167,344,185,228,185
152,209,294,209,294,227,152,227
31,231,265,231,265,250,31,250
316,232,410,232,410,249,316,249
31,253,106,253,106,271,31,271
299,254,421,254,421,272,299,272
31,295,111,299,110,319,30,315
350,301,359,300,370,299,380,299,394,298,405,299,413,299,410,315,401,315,396,314,381,315,369,316,359,316,351,317
196,299,204,300,214,300,230,301,239,300,249,299,257,298,257,314,249,315,241,316,228,317,214,316,204,316,196,315
290,301,307,301,307,316,290,316
33,319,63,320,128,321,194,323,240,321,304,323,334,322,334,340,304,341,240,338,193,341,129,338,63,337,33,336
31,341,155,341,155,361,31,361
362,344,419,344,419,361,362,361
208,346,264,346,264,361,208,361
32,385,230,385,230,406,32,406
362,389,421,389,421,404,362,404
32,408,185,408,185,429,32,429
399,412,411,412,411,426,399,426
32,430,166,430,166,450,32,450
363,434,421,434,421,449,363,449
40,453,119,453,119,472,40,472
363,456,419,456,419,471,363,471
32,475,148,475,148,495,32,495
371,478,421,478,421,493,371,493
108,497,138,499,183,499,221,501,259,499,304,499,334,497,334,514,303,515,259,515,221,517,183,515,139,515,108,514
28,546,46,545,81,543,110,544,137,543,166,543,196,543,195,561,166,562,137,562,110,563,82,561,46,564,28,564
272,545,421,545,421,561,272,561
39,569,73,568,109,567,139,567,185,566,223,565,257,563,256,582,223,583,186,584,139,586,109,586,73,587,40,588
31,589,155,589,155,610,31,610
262,589,422,589,422,607,262,607
94,658,119,657,165,658,222,656,259,657,315,657,348,658,348,677,314,676,259,676,222,675,166,677,119,676,94,677
41,683,71,683,166,682,222,681,305,681,353,681,383,681,383,698,353,698,305,698,222,698,167,699,72,700,42,701
85,724,119,725,157,726,214,725,278,725,316,723,349,723,349,742,316,742,278,743,214,743,157,745,119,744,86,743
31,750,415,746,415,765,31,769
