198,81,455,85,455,111,197,107
162,126,483,126,483,152,162,152
155,215,506,220,505,258,155,253
188,270,222,270,222,294,188,294
255,269,310,271,309,294,254,292
15,273,38,271,56,272,80,270,101,272,134,275,149,277,146,298,131,296,99,293,81,291,56,293,38,293,15,295
354,271,398,272,424,274,492,271,519,271,583,271,606,271,605,296,582,296,519,296,491,296,425,298,396,297,352,296
16,311,623,311,623,335,16,335
16,348,172,350,171,379,16,376
399,352,410,351,420,352,431,349,445,349,459,350,470,350,470,374,458,373,446,372,434,372,420,375,407,374,395,375
546,385,558,386,573,387,587,387,602,386,619,385,631,383,630,406,618,408,603,409,589,410,571,410,557,409,545,408
397,390,408,390,420,392,431,388,443,388,458,389,470,390,467,413,455,412,445,411,434,411,420,415,405,413,393,413
19,391,119,391,119,415,19,415
240,391,294,391,294,412,240,412
38,438,83,437,182,436,295,435,398,432,505,431,550,429,551,454,506,455,398,457,295,460,183,461,83,462,39,463
553,466,633,466,633,492,553,492
404,471,471,471,471,497,404,497
245,476,296,476,296,494,245,494
30,540,116,531,119,557,33,567
201,533,235,533,235,556,201,556
563,548,648,548,648,586,563,586
29,580,44,579,63,578,83,577,105,574,133,576,148,576,147,597,132,597,104,594,85,597,66,598,43,599,28,600
569,601,651,596,652,623,570,627
28,632,43,631,61,633,79,627,97,626,114,626,135,627,132,655,112,653,103,652,82,655,65,660,43,658,29,660
571,642,654,636,656,663,573,669
337,656,395,651,397,675,339,680
43,670,214,659,215,686,44,696
570,680,581,679,596,677,610,677,626,676,643,675,654,675,652,696,641,696,629,696,612,698,597,698,583,700,572,701
339,692,397,690,398,713,340,716
45,711,295,690,297,716,48,737
155,766,186,762,216,758,248,756,281,753,327,751,353,749,354,772,328,774,283,776,249,779,219,781,188,785,158,789
47,774,128,769,130,793,49,798
42,811,279,794,281,821,44,838
42,848,176,845,177,868,42,871
604,851,650,851,650,874,604,874
45,886,235,877,236,903,46,911
48,930,70,928,103,929,148,922,183,920,222,918,244,918,244,941,223,941,184,943,150,944,105,951,69,951,48,952
579,930,591,930,602,931,613,929,626,926,638,925,650,923,652,946,640,948,630,948,618,952,603,954,591,954,579,953
45,965,78,964,145,959,180,958,238,954,295,950,328,948,328,974,294,976,240,979,181,984,147,985,80,989,46,991
65,1021,648,979,650,1012,67,1048
