229,47,432,75,428,104,225,76
101,77,147,81,146,100,99,95
182,82,211,82,211,103,182,103
237,88,284,93,282,113,235,108
29,96,65,99,137,106,213,115,267,122,335,127,371,131,369,152,333,148,265,143,211,136,135,127,63,120,26,117
314,95,327,99,341,101,353,104,369,108,386,106,395,106,395,125,385,125,366,126,351,122,337,119,324,117,311,113
410,112,422,113,442,115,462,116,477,118,493,122,508,125,503,141,488,137,475,134,461,132,440,131,419,129,407,128
229,145,270,149,268,165,228,161
342,157,351,158,363,159,376,160,389,161,401,162,410,163,407,180,397,179,389,179,376,178,360,177,349,176,339,174
63,166,103,169,174,175,249,181,374,193,447,195,487,197,485,220,445,218,372,216,247,204,172,198,101,192,61,189
463,165,471,168,487,170,492,171,505,170,517,173,526,174,521,189,513,189,505,187,491,188,484,186,471,184,463,181
40,199,186,212,184,236,38,223
364,222,373,223,381,222,390,224,400,226,412,225,422,225,417,243,408,243,399,244,392,243,380,240,371,241,361,240
42,238,57,239,82,240,100,241,116,242,130,243,149,246,147,266,128,264,115,262,99,261,81,261,56,259,41,259
173,245,201,245,201,263,173,263
244,250,285,250,285,266,244,266
369,254,420,256,420,277,369,275
467,258,476,259,488,260,501,261,517,260,527,260,536,260,536,278,527,279,516,278,502,279,486,278,474,277,465,276
56,279,453,292,452,315,55,302
254,319,294,319,294,335,254,335
199,319,210,319,210,332,199,332
360,318,370,318,383,318,398,319,409,318,421,319,431,319,430,339,419,339,410,338,398,339,381,338,371,338,361,338
485,321,541,321,541,337,485,337
80,351,116,352,199,353,279,354,380,353,429,354,465,354,465,376,429,375,380,375,278,375,199,374,116,373,80,372
488,381,498,380,508,380,521,380,531,379,542,379,551,378,550,396,541,397,532,397,521,398,508,398,498,398,489,399
375,384,436,382,437,402,376,404
264,386,304,386,304,402,264,402
94,427,131,426,222,423,305,421,353,419,467,415,503,413,504,434,468,436,354,440,305,442,223,444,131,447,95,448
497,443,505,442,517,441,527,441,538,438,550,439,558,439,557,455,548,456,539,455,530,457,516,457,508,459,499,459
381,450,389,449,403,448,413,448,424,446,439,446,447,446,445,462,437,463,425,463,416,464,402,465,390,466,382,467
274,454,313,452,314,468,275,471
102,499,139,497,205,493,285,487,377,480,446,476,483,474,484,495,448,498,379,502,286,508,206,515,140,518,104,521
507,500,563,493,565,510,509,517
391,510,452,504,454,524,392,530
282,519,322,517,323,533,283,536
122,569,159,565,216,559,266,554,345,548,418,537,454,533,456,554,420,558,347,569,268,575,218,580,161,586,125,590
512,556,521,554,531,552,542,550,555,549,563,548,573,548,574,566,565,567,556,567,546,568,531,570,524,572,515,574
394,569,404,568,415,567,428,566,439,564,451,562,460,560,462,579,453,580,442,582,432,584,416,586,404,586,395,587
289,583,329,578,331,594,291,599
101,644,137,639,180,633,233,625,288,617,333,610,369,604,373,625,337,630,291,638,236,645,183,653,140,659,104,664
532,611,580,605,583,625,535,632
414,629,424,628,431,629,438,625,448,623,459,623,468,622,471,641,462,642,452,642,442,644,433,648,422,647,413,648
294,648,335,641,337,658,297,665
124,712,160,707,230,694,284,686,364,672,453,659,489,654,492,675,456,680,367,693,287,707,234,715,164,728,128,733
528,672,538,671,548,671,559,669,572,666,582,664,591,662,594,681,584,683,577,684,564,687,549,690,541,690,532,691
412,694,421,693,431,691,445,689,457,686,466,685,479,683,480,702,467,704,461,704,450,707,432,710,422,711,412,713
150,781,186,775,250,761,331,747,440,726,515,711,551,704,555,725,519,732,444,746,335,767,254,782,190,795,154,802
304,715,343,707,347,724,307,732
535,734,545,732,556,731,566,729,579,726,588,725,598,723,603,741,593,742,582,745,570,746,560,749,548,750,538,752
421,758,430,756,440,755,453,752,464,749,473,747,482,745,488,763,478,766,470,767,459,770,441,774,433,775,424,776
313,782,354,773,358,790,317,799
261,793,275,793,275,807,261,807
134,859,169,851,220,840,273,827,348,811,380,803,415,795,420,815,385,823,353,830,278,847,225,860,174,871,138,879
431,822,440,820,450,818,462,815,475,812,488,810,497,808,500,826,491,828,480,830,468,833,453,836,443,838,434,840
539,828,548,826,565,822,571,820,588,815,598,814,607,812,612,828,603,830,593,831,576,836,568,838,551,842,543,845
443,853,452,850,460,849,467,845,477,843,487,840,496,837,501,856,492,858,483,861,472,864,463,867,451,869,442,872
467,883,482,879,497,876,520,869,535,866,553,860,572,856,575,871,557,876,539,882,526,884,501,892,485,895,470,899
133,890,148,887,184,879,200,876,226,873,257,866,272,864,275,885,261,887,231,893,204,897,189,900,153,908,138,911
326,882,333,880,337,878,345,877,356,874,361,887,368,885,369,870,362,872,358,888,350,891,340,892,333,895,325,897
257,898,285,889,291,907,262,915
138,924,233,903,238,926,143,947
