287,162,660,172,659,205,286,195
123,210,174,212,303,218,465,220,597,221,716,224,767,224,768,254,716,253,597,250,463,249,303,247,174,241,122,239
282,260,328,262,392,266,487,267,533,269,601,270,647,272,647,299,600,297,532,295,487,293,392,293,328,289,281,287
306,375,648,380,647,415,305,410
95,433,297,441,296,476,94,469
614,455,644,452,684,448,724,447,768,445,811,446,852,445,853,472,811,472,768,472,725,473,686,474,643,478,613,481
687,562,853,562,853,596,687,596
96,568,140,568,140,596,96,596
394,565,408,568,432,571,454,573,479,575,504,569,518,567,520,595,506,596,479,602,455,600,429,599,407,595,394,592
98,621,765,621,765,655,98,655
742,672,856,672,856,710,742,710
404,678,422,676,436,679,454,674,477,675,490,674,508,674,508,708,490,708,477,709,456,708,439,713,421,710,403,712
95,741,138,740,203,745,276,737,353,738,424,735,480,735,478,767,423,768,354,770,276,769,206,777,135,772,92,773
742,786,860,784,861,819,743,821
400,788,516,788,516,826,400,826
102,851,632,846,632,887,102,892
738,901,757,901,781,901,807,901,830,901,849,900,868,899,869,936,850,937,830,937,809,937,779,937,758,937,739,937
406,903,425,904,441,907,455,904,474,903,493,902,512,900,511,938,492,940,477,940,458,942,438,945,424,942,405,941
736,965,755,966,780,967,805,967,827,965,851,965,870,963,867,1001,848,1003,830,1003,811,1004,775,1004,756,1004,737,1003
97,977,139,974,182,980,235,969,288,972,325,975,367,981,363,1019,321,1013,286,1010,237,1007,184,1018,137,1012,94,1015
246,1062,292,1061,409,1062,476,1059,561,1059,647,1062,694,1064,695,1091,649,1090,560,1086,475,1087,410,1090,291,1088,245,1090
