210,99,252,100,286,99,328,101,366,97,418,101,451,101,451,125,419,125,366,121,328,124,286,123,252,124,210,123
223,127,254,130,304,130,324,131,370,128,400,127,435,125,435,145,400,147,370,148,326,151,303,150,254,150,223,148
41,154,183,154,183,191,41,191
227,158,247,158,289,159,341,156,373,157,407,155,441,154,442,177,408,178,374,180,340,179,290,182,246,181,226,181
263,187,401,187,401,210,263,210
176,238,194,239,225,240,258,241,283,240,313,238,343,234,344,255,313,258,283,261,257,262,225,260,196,260,177,258
368,265,478,265,478,285,368,285
41,268,307,265,307,289,41,291
348,293,490,290,490,311,348,313
40,297,57,296,67,296,81,295,100,295,113,296,129,297,129,314,113,314,100,313,83,313,66,314,56,314,39,314
412,345,421,345,437,343,448,344,459,342,472,343,485,342,481,359,468,361,461,361,451,362,436,362,421,363,411,363
230,344,240,346,250,347,270,349,278,347,290,346,300,344,301,364,290,366,283,366,265,368,252,367,239,367,228,365
38,350,56,348,67,347,91,346,101,346,124,349,134,350,132,370,122,369,99,366,90,367,69,367,57,368,38,371
338,347,360,347,360,364,338,364
44,373,278,373,278,394,44,394
414,396,491,396,491,416,414,416
42,400,184,400,184,420,42,420
235,400,310,400,310,418,235,418
415,450,493,448,493,468,416,470
44,450,270,450,270,473,44,473
44,476,218,473,219,497,44,500
468,477,481,477,481,491,468,491
44,503,195,501,196,524,44,526
415,503,493,501,493,521,416,523
416,528,493,528,493,547,416,547
55,530,144,530,144,551,55,551
45,556,177,553,177,577,45,579
416,554,494,554,494,574,416,574
131,581,407,578,407,601,131,604
121,659,411,659,411,683,121,683
58,691,93,690,200,688,265,687,360,686,415,687,450,688,449,708,414,707,360,706,265,708,201,708,94,710,59,711
99,740,434,738,434,761,100,763
46,770,486,765,486,786,47,791
