193,102,228,102,261,102,301,101,335,99,390,101,417,102,416,122,389,122,335,120,301,121,261,122,229,122,194,122
203,130,406,128,407,149,203,151
30,150,163,150,163,184,30,184
213,155,244,156,276,155,308,156,333,157,364,155,391,154,393,175,366,175,332,178,308,177,275,176,244,177,213,176
241,183,369,181,369,203,242,205
155,228,175,229,206,230,236,231,259,230,287,229,317,227,317,248,288,250,259,252,236,252,206,252,176,250,156,249
341,255,445,255,445,275,341,275
28,257,55,257,104,257,146,257,195,257,246,256,281,256,281,275,246,276,195,277,146,277,104,277,55,277,28,277
321,282,456,278,457,298,322,301
27,284,46,283,56,281,69,282,86,282,98,282,113,282,113,302,99,302,86,302,70,302,54,301,45,302,26,304
384,329,449,327,450,348,385,350
30,336,46,333,57,333,78,331,90,332,109,334,118,336,117,355,108,353,88,350,77,349,58,351,47,352,30,354
210,332,219,332,230,333,246,332,251,333,267,332,276,332,277,350,268,349,254,350,244,349,230,350,218,349,209,349
312,332,333,332,333,349,312,349
51,355,89,355,128,355,198,355,248,356,328,354,367,354,366,376,328,376,248,378,198,376,128,376,90,376,51,376
395,379,459,379,459,398,395,398
34,382,167,382,167,401,34,401
224,382,285,382,285,398,224,398
31,405,50,405,78,407,112,405,139,405,161,405,179,405,178,425,160,425,139,425,112,425,78,426,49,425,31,425
395,429,459,429,459,448,395,448
35,431,169,431,169,449,35,449
224,431,286,431,286,447,224,447
37,477,250,477,250,500,37,500
388,479,461,479,461,495,388,495
37,503,201,501,202,523,37,525
438,504,451,504,451,520,438,520
34,527,62,527,77,528,114,527,132,528,156,528,180,530,180,549,156,547,132,547,115,546,76,546,63,546,35,545
389,528,462,528,462,547,389,547
48,553,131,553,131,573,48,573
388,553,462,553,462,571,388,571
38,577,163,574,163,597,38,599
398,578,407,578,418,578,434,578,445,578,456,578,465,578,464,595,455,595,446,595,434,595,417,596,406,595,396,595
118,600,145,600,204,601,254,600,293,600,336,600,371,600,370,620,335,620,294,620,254,620,204,621,146,621,119,621
111,674,385,674,385,697,111,697
53,703,85,703,175,702,247,701,327,701,388,702,420,703,420,721,388,720,327,719,247,719,175,720,85,721,54,721
101,752,136,751,188,748,236,750,320,750,349,749,385,748,385,769,349,770,319,770,237,770,188,769,137,772,102,772
55,778,86,778,188,776,238,776,309,776,388,775,420,775,420,793,388,793,310,794,238,794,188,794,87,795,55,796
