173,150,421,148,422,176,173,178
84,193,129,193,216,188,310,192,391,186,476,183,520,179,521,204,476,208,391,211,311,217,216,213,130,218,86,218
213,220,387,220,387,246,213,246
180,259,420,257,420,289,181,291
206,306,298,306,298,329,206,329
41,315,64,309,90,309,107,305,136,307,163,311,182,314,181,335,163,332,136,328,108,326,92,329,65,330,42,335
208,339,425,336,425,361,208,363
45,343,56,342,72,344,73,342,89,341,96,343,108,344,114,365,102,364,85,363,80,363,67,365,55,364,43,365
48,373,162,373,162,394,48,394
206,372,227,372,242,372,264,372,290,372,312,372,328,372,327,393,310,393,289,393,265,393,242,393,227,393,207,393
209,405,410,400,411,425,210,430
48,405,181,405,181,429,48,429
488,463,503,461,517,460,527,461,537,460,552,464,562,465,559,486,549,485,536,480,528,481,517,480,501,482,487,484
393,467,430,464,432,485,395,488
242,470,329,468,330,496,242,498
50,470,202,470,202,498,50,498
52,508,249,508,249,532,52,532
488,531,563,528,563,552,489,555
260,539,331,536,332,558,260,561
141,541,204,541,204,563,141,563
62,581,102,579,138,577,190,576,245,575,317,573,352,572,352,595,316,596,245,597,191,599,139,599,103,601,63,603
492,599,563,599,563,619,492,619
262,606,333,606,333,626,262,626
152,610,208,610,208,630,152,630
59,650,271,642,272,668,60,676
496,668,565,668,565,689,496,689
266,673,335,673,335,695,266,695
143,679,210,679,210,699,143,699
68,719,104,717,152,714,205,712,258,711,322,710,358,709,358,730,322,730,257,731,205,733,153,735,105,737,69,740
498,737,568,737,568,758,498,758
265,743,336,740,337,762,266,765
142,746,209,744,210,765,143,768
57,786,164,782,165,807,58,810
513,807,575,805,576,829,514,832
266,813,342,813,342,836,266,836
124,817,136,816,153,816,166,815,188,815,201,819,214,822,210,846,197,843,185,840,168,840,153,840,137,840,125,841
59,857,251,854,252,880,59,883
507,880,579,880,579,910,507,910
131,889,343,884,344,917,132,922
534,945,579,945,579,968,534,968
208,952,373,952,373,981,208,981
495,982,581,978,582,1002,496,1006
200,984,223,985,251,989,286,986,319,986,359,989,378,990,375,1016,357,1015,319,1012,287,1012,251,1015,221,1011,198,1010
473,1017,486,1019,512,1019,527,1020,551,1016,570,1015,583,1012,583,1037,571,1040,553,1040,528,1045,514,1043,487,1044,473,1042
189,1020,212,1020,242,1024,275,1021,309,1022,351,1020,375,1019,374,1043,350,1044,310,1047,275,1046,243,1049,210,1045,187,1044
492,1058,507,1054,525,1054,536,1051,549,1051,569,1050,580,1050,581,1069,571,1070,552,1071,537,1071,527,1073,506,1074,492,1078
200,1060,226,1061,253,1061,285,1062,325,1065,345,1062,376,1059,377,1083,346,1085,327,1088,284,1086,252,1084,226,1085,200,1084
490,1081,555,1081,555,1106,490,1106
481,1119,525,1119,525,1144,481,1144
219,1127,240,1128,278,1126,317,1128,361,1123,405,1119,435,1114,437,1137,406,1142,363,1145,319,1151,278,1149,240,1151,219,1150
