233,103,254,103,293,102,322,103,355,104,376,102,406,100,405,123,375,126,355,127,321,127,293,125,255,126,234,126
214,132,429,132,429,153,214,153
41,149,176,149,176,184,41,184
238,158,268,157,285,158,316,157,349,158,373,157,403,157,405,179,374,180,348,181,316,180,285,180,268,180,237,180
253,185,268,186,293,185,315,186,348,184,364,184,383,183,384,204,364,205,349,206,315,208,291,207,268,207,253,206
172,233,338,233,338,253,172,253
353,256,471,256,471,278,353,278
36,258,66,258,126,258,157,258,207,258,249,259,282,259,283,279,250,278,207,278,157,277,126,278,65,277,36,278
40,282,122,282,122,303,40,303
334,283,469,283,469,302,334,302
223,332,296,330,297,353,224,354
39,331,125,333,125,353,38,352
407,332,471,332,471,351,407,351
334,334,357,334,357,352,334,352
62,354,95,356,167,357,199,357,268,357,340,356,373,355,373,374,340,375,269,376,199,377,166,376,95,375,62,374
39,382,172,382,172,400,39,400
404,382,413,382,424,383,440,382,450,382,462,382,471,381,469,397,461,398,451,399,440,399,425,399,412,399,403,398
234,383,297,383,297,400,234,400
40,427,258,430,257,452,40,450
407,432,469,432,469,449,407,449
40,453,217,453,217,475,40,475
456,457,468,457,468,472,456,472
39,477,184,477,184,499,39,499
406,480,468,480,468,499,406,499
50,501,135,503,134,525,49,523
405,505,413,505,424,506,437,506,450,505,459,505,467,505,466,521,458,521,452,520,438,521,422,521,412,521,404,520
40,527,166,527,166,549,40,549
122,552,387,552,387,575,122,575
112,624,388,625,388,648,111,646
49,652,86,652,165,652,249,650,329,650,391,651,428,651,428,672,391,671,329,671,249,671,165,672,86,672,49,672
90,700,410,700,410,722,90,722
48,726,84,726,166,725,238,726,320,726,413,724,449,724,449,744,413,745,320,746,238,746,167,746,84,746,48,746
