236,92,532,92,532,121,236,121
196,143,560,145,560,173,196,171
13,189,63,193,61,216,11,212
187,253,575,256,574,298,186,295
40,305,174,316,172,345,37,334
217,314,254,314,254,338,217,338
290,315,350,315,350,339,290,339
398,312,411,315,430,317,449,318,470,321,495,315,508,314,510,339,497,340,471,346,449,343,428,342,409,339,397,337
543,315,694,317,694,342,542,341
40,354,86,355,264,357,324,358,481,360,608,361,655,361,655,388,608,388,481,387,324,385,263,384,86,382,39,382
269,402,322,402,322,422,269,422
427,402,516,402,516,427,427,427
615,404,708,404,708,429,615,429
459,420,466,420,466,428,459,428
648,422,656,422,656,431,648,431
15,451,134,457,132,488,14,482
236,465,252,465,252,484,236,484
17,489,160,499,158,530,15,521
616,501,708,501,708,525,616,525
648,519,657,519,657,528,648,528
16,532,226,536,226,563,16,559
354,541,415,541,415,566,354,566
615,546,704,546,704,570,615,570
646,564,654,564,654,572,646,572
68,596,117,596,271,598,355,598,468,606,583,601,633,602,633,631,583,630,468,634,354,627,270,626,117,625,67,625
269,647,297,647,336,651,368,649,396,650,437,648,465,648,465,674,437,674,397,676,370,675,334,677,295,673,266,672
140,681,181,682,282,682,378,685,458,688,527,685,568,685,568,708,527,709,458,712,377,709,282,705,180,705,139,704
