190,70,299,70,299,88,190,88
157,93,179,93,220,95,253,92,278,91,315,91,334,90,333,106,314,107,279,108,254,109,221,111,179,109,157,109
35,110,136,110,136,136,35,136
173,114,194,113,218,112,243,112,263,113,288,111,313,111,314,127,289,128,263,129,243,128,219,128,194,129,172,130
196,133,294,133,294,149,196,149
133,169,251,168,251,184,133,185
272,188,351,188,351,201,272,201
33,189,226,187,226,203,34,206
257,206,360,206,360,220,257,220
34,207,96,207,96,223,34,223
35,225,250,225,250,240,35,240
302,261,309,261,320,259,330,260,338,259,346,259,356,259,353,273,343,273,339,273,331,274,321,273,308,275,301,274
171,262,220,259,220,276,171,278
30,261,44,261,53,260,68,261,77,260,93,262,101,261,99,277,91,277,76,275,68,276,53,275,45,276,31,276
249,262,266,262,266,274,249,274
34,277,352,277,352,294,34,294
296,297,360,297,360,311,296,311
34,298,136,298,136,312,34,312
173,298,228,298,228,312,173,312
35,332,198,333,198,349,35,348
296,334,361,334,361,348,296,348
36,350,160,350,160,366,36,366
343,354,351,354,351,364,343,364
34,369,144,368,144,384,35,385
296,371,361,371,361,385,296,385
41,387,106,387,106,402,41,402
296,389,361,389,361,402,296,402
96,404,122,405,160,406,200,406,230,406,270,405,296,405,296,420,269,420,230,420,200,420,160,420,122,419,96,419
40,463,53,462,76,463,92,461,121,460,139,462,154,463,153,476,138,475,120,474,92,475,76,476,53,476,40,477
250,460,362,462,362,477,250,475
80,496,316,498,315,515,80,512
42,516,68,516,139,516,193,515,271,517,303,518,329,519,329,534,303,533,271,532,193,530,139,531,69,531,42,531
73,551,316,553,316,569,73,568
33,573,355,573,355,586,33,586
