154,58,328,58,328,76,154,76
163,80,321,81,320,99,163,97
26,94,131,94,131,124,26,124
173,99,310,104,309,123,172,119
191,123,291,123,291,141,191,141
129,161,248,161,248,176,129,176
25,181,47,181,85,181,117,182,155,182,194,181,215,181,215,194,194,194,155,194,117,194,85,194,47,194,25,193
266,179,348,179,348,195,266,195
252,198,355,198,355,212,252,212
27,199,34,200,48,200,57,200,71,199,81,199,94,198,94,212,81,213,72,213,58,214,47,214,33,213,26,213
298,236,304,235,313,234,324,234,333,233,342,234,349,235,345,247,339,246,335,245,326,247,312,247,304,248,297,248
26,237,40,236,47,235,63,235,72,236,88,237,96,238,96,253,88,252,71,251,63,250,48,250,40,251,26,252
165,235,172,236,181,236,194,238,201,236,210,235,217,233,217,247,210,249,204,250,192,252,182,250,173,250,166,249
244,236,262,236,262,250,244,250
28,253,240,253,240,271,28,271
300,271,356,271,356,285,300,285
25,271,41,271,58,272,80,272,96,272,118,273,133,274,134,289,118,288,95,287,81,286,57,286,40,285,24,285
169,274,224,272,225,287,169,289
38,289,65,290,102,290,158,291,195,290,258,290,285,289,285,304,258,305,195,305,158,306,102,305,64,305,37,304
305,308,312,308,320,308,333,307,341,308,350,308,357,308,356,322,349,321,342,321,334,321,321,322,311,321,304,321
29,309,133,310,133,326,29,324
176,311,223,311,223,324,176,324
30,327,286,327,286,344,30,344
306,345,356,345,356,359,306,359
29,347,133,347,133,361,29,361
176,347,225,347,225,361,176,361
31,381,196,381,196,398,31,398
297,381,304,382,318,382,326,382,335,382,350,382,358,381,357,395,350,395,335,395,327,396,318,395,304,395,297,395
30,399,43,399,74,400,88,399,113,399,143,399,159,399,159,415,143,415,112,415,88,415,74,416,42,415,30,416
337,401,347,401,347,412,337,412
31,418,142,418,142,434,31,434
299,419,356,417,356,432,300,433
39,436,104,436,104,453,39,453
298,436,356,436,356,451,298,451
30,454,127,454,127,471,30,471
316,455,356,455,356,467,316,467
92,473,119,474,157,473,189,475,227,473,259,473,286,472,286,487,259,488,227,488,189,490,157,488,120,489,93,488
86,527,295,527,295,543,86,543
41,548,65,548,144,547,191,547,259,545,299,546,323,546,323,560,299,560,259,559,191,561,144,561,66,562,41,562
80,585,104,584,144,583,181,582,237,583,268,582,292,581,292,596,268,596,237,597,181,597,144,597,104,598,80,599
42,604,66,603,120,603,175,601,236,601,314,601,338,602,339,615,314,615,236,615,175,615,121,617,67,617,42,617
