15,151,58,151,58,168,15,168
166,200,516,189,518,231,167,242
490,244,627,244,627,269,490,269
355,248,369,250,389,250,405,250,422,250,446,244,459,242,464,268,450,270,427,276,406,277,388,276,369,276,356,274
261,255,316,251,318,275,264,280
42,253,162,257,162,283,41,279
200,255,231,255,231,279,200,279
75,293,118,294,190,295,259,295,352,295,447,287,489,283,491,308,448,311,354,319,259,320,190,320,117,319,74,318
557,327,642,323,643,347,558,351
383,331,469,324,471,348,385,355
247,332,297,332,297,353,247,353
55,373,447,375,447,402,55,400
570,406,644,406,644,430,570,430
400,411,466,411,466,436,400,436
250,413,297,413,297,435,250,435
39,453,479,455,479,485,39,483
555,490,647,487,648,513,556,515
252,493,296,493,296,512,252,512
384,493,468,493,468,517,384,517
40,533,83,533,182,535,228,534,324,539,392,538,435,539,435,563,392,562,325,562,227,558,182,559,83,557,40,557
252,572,297,572,297,591,252,591
387,572,469,572,469,595,387,595
556,572,646,572,646,595,556,595
48,612,621,616,621,645,48,641
252,651,297,651,297,670,252,670
390,652,469,652,469,677,390,677
559,654,643,654,643,679,559,679
48,692,438,692,438,720,48,720
253,731,297,731,297,748,253,748
390,733,472,733,472,756,390,756
561,736,644,736,644,761,561,761
38,775,50,775,68,774,92,778,110,778,125,777,137,776,141,799,128,801,111,802,88,802,65,798,48,799,36,798
37,808,53,810,80,812,97,814,126,811,154,815,170,814,168,836,152,837,126,833,99,836,75,834,52,832,36,830
551,823,650,821,651,845,551,847
41,844,62,843,91,843,138,843,168,846,192,847,222,851,221,874,192,870,167,869,137,866,93,866,60,866,39,866
325,853,380,856,379,880,323,877
549,864,570,861,583,861,597,858,621,860,636,860,648,861,648,882,637,881,621,881,596,880,585,882,567,882,547,886
86,895,132,897,226,900,337,903,433,910,552,908,598,909,598,937,552,935,434,937,335,930,226,928,131,924,84,923
260,947,287,947,321,950,348,949,374,950,408,949,435,948,435,968,408,969,374,970,349,970,320,970,285,968,259,967
156,970,190,972,278,976,347,980,402,979,479,977,514,975,514,995,479,997,402,999,347,1000,278,996,189,992,154,990
