161,71,362,66,363,86,162,92
146,106,173,105,209,102,268,100,304,98,345,99,372,98,372,114,344,114,305,114,269,116,210,118,174,121,147,122
17,135,49,135,49,150,17,150
142,169,413,166,414,195,142,198
296,204,435,201,436,221,296,224
218,206,260,206,260,221,218,221
45,205,139,209,138,227,45,223
168,207,193,207,193,222,168,222
52,235,82,235,164,233,231,233,306,232,397,230,427,229,428,247,397,248,306,250,232,250,164,251,82,252,52,253
321,257,331,257,343,258,358,257,370,257,384,257,394,257,392,276,382,276,371,276,360,276,342,277,329,276,320,276
213,260,251,260,251,275,213,275
57,292,91,293,161,293,229,293,325,292,383,290,417,289,417,309,383,310,326,312,228,312,161,312,91,312,57,312
332,319,342,319,354,320,369,319,380,318,393,318,403,318,402,337,392,337,381,337,371,338,353,338,341,338,331,338
222,321,260,321,260,336,222,336
65,352,99,353,171,353,240,353,311,351,371,353,405,354,405,373,371,372,311,370,240,372,171,372,99,372,65,371
355,379,364,380,371,381,380,380,389,379,402,379,412,379,410,398,400,399,391,399,382,400,370,401,362,400,352,399
229,382,268,382,268,397,229,397
71,413,109,413,180,413,245,415,311,413,379,413,416,413,417,433,379,434,312,434,245,435,180,434,109,434,71,433
367,441,377,443,383,444,391,442,402,441,415,442,425,442,422,462,413,462,403,461,393,462,382,464,375,462,365,461
67,442,89,442,114,443,128,443,151,445,179,445,193,446,192,465,178,464,151,464,127,462,114,462,89,461,68,461
76,473,159,473,159,491,76,491
246,473,285,473,285,488,246,488
367,472,376,472,385,474,394,473,406,472,415,472,425,471,425,490,415,491,406,491,396,491,386,493,373,491,363,490
82,508,448,502,448,526,83,531
257,535,294,535,294,550,257,550
376,533,386,534,395,536,404,536,415,534,427,534,437,533,435,552,425,553,416,553,405,554,396,555,383,553,373,552
104,567,138,567,193,567,258,566,352,567,407,569,441,570,441,589,407,588,352,587,258,586,193,587,138,586,104,587
94,596,107,596,139,595,152,595,176,597,203,597,217,598,217,617,203,616,176,616,151,614,139,614,107,615,93,615
388,597,397,597,407,597,416,596,427,595,439,595,449,595,445,613,435,614,428,614,418,615,408,616,396,615,386,616
102,624,184,624,184,643,102,643
271,625,310,625,310,640,271,640
392,625,402,625,410,626,419,625,430,624,438,643,448,642,452,624,442,624,431,643,420,644,411,645,399,644,390,644
100,659,110,661,127,662,145,665,160,664,173,661,187,657,187,677,173,681,163,684,143,684,123,681,110,681,100,679
242,668,269,666,270,682,244,684
108,686,220,692,219,715,106,709
114,717,132,722,146,725,160,727,184,724,197,726,215,727,214,746,196,746,184,743,161,747,143,744,132,742,115,736
119,746,145,747,171,749,198,749,221,750,253,748,267,747,267,767,253,768,222,769,198,769,170,769,144,767,118,765
350,754,394,754,394,773,350,773
166,788,200,788,242,788,297,789,374,790,423,793,457,795,455,814,421,813,374,809,297,809,241,808,200,807,166,807
310,821,331,821,357,823,381,822,400,823,426,823,447,823,447,839,426,838,400,839,381,838,356,839,329,837,309,837
206,839,229,840,286,842,324,843,384,848,418,844,442,844,442,858,418,858,383,861,324,856,285,856,229,854,205,853
