192,99,356,99,356,118,192,118
186,121,218,122,246,122,269,122,299,125,336,122,355,122,356,142,336,142,300,146,269,143,245,142,217,142,185,141
29,135,149,135,149,169,29,169
198,146,227,147,254,146,269,148,297,149,318,147,343,146,344,165,319,166,296,168,268,167,254,165,227,166,198,165
216,172,327,172,327,192,216,192
140,211,156,212,183,213,211,215,230,214,255,214,281,212,281,230,254,232,230,232,211,233,182,231,157,230,141,229
25,235,249,235,249,254,25,254
300,238,390,238,390,256,300,256
24,255,33,256,49,257,60,257,76,257,87,257,99,257,99,274,87,274,76,274,61,274,47,273,32,273,23,272
282,260,399,260,399,278,282,278
22,304,38,301,48,300,67,300,75,300,95,303,104,303,102,321,93,320,74,317,66,318,48,318,39,319,23,321
185,302,192,304,201,305,217,306,224,304,235,304,242,303,242,317,235,318,227,318,215,320,201,319,191,318,184,316
335,303,390,303,390,320,335,320
273,305,291,305,291,319,273,319
24,321,48,323,82,324,102,325,130,324,173,325,190,324,190,340,172,341,130,340,102,341,82,340,47,339,23,337
24,345,144,346,144,364,24,362
195,347,249,347,249,363,195,363
343,349,398,349,398,365,343,365
25,386,214,389,214,409,25,407
342,393,398,393,398,409,342,409
25,410,170,410,170,429,25,429
376,416,387,416,387,429,376,429
24,432,151,432,151,452,24,452
341,437,396,437,396,453,341,453
33,454,106,454,106,474,33,474
341,459,395,459,395,475,341,475
23,476,133,476,133,496,23,496
387,485,394,485,394,496,387,496
94,499,323,499,323,519,94,519
83,565,324,568,324,588,83,585
31,589,61,589,128,591,204,591,273,590,327,592,357,593,357,610,327,609,273,607,203,608,128,608,61,606,30,606
63,633,341,636,341,655,63,652
18,656,386,661,385,679,18,674
