528,156,647,156,647,180,528,180
477,187,514,184,553,182,581,181,622,181,669,181,707,181,706,202,669,202,622,201,581,202,553,203,514,205,477,208
462,208,714,204,715,227,463,231
385,238,423,236,492,231,583,234,648,233,706,231,749,229,749,253,706,255,648,256,583,258,492,254,423,260,386,261
415,262,458,261,499,261,563,259,658,257,696,257,738,256,738,280,695,281,659,281,564,283,499,285,458,285,415,286
391,288,423,289,497,288,583,289,648,285,704,286,736,284,736,303,704,304,648,304,583,308,496,307,423,307,391,307
476,313,508,312,544,314,581,312,628,310,687,309,719,308,718,327,686,328,629,329,581,331,544,332,508,331,476,332
437,336,469,336,527,340,575,338,630,340,684,337,716,337,717,355,685,355,631,359,574,356,527,359,468,355,437,354
454,362,730,362,730,384,454,384
445,386,741,389,741,412,445,409
445,436,728,436,728,458,445,458
388,467,425,466,496,463,583,461,639,461,705,464,742,465,741,486,704,485,639,482,583,482,497,484,425,487,388,488
512,514,544,512,590,509,648,507,694,508,730,508,768,509,768,532,730,531,693,532,648,531,590,532,545,535,513,537
391,512,469,512,469,534,391,534
405,536,443,536,507,536,583,537,637,537,704,534,741,532,742,553,704,554,637,557,583,557,507,556,443,556,405,556
396,583,434,582,479,582,535,583,594,582,667,587,700,588,700,610,667,608,593,603,535,604,479,603,434,604,397,604
536,607,547,607,563,608,583,606,599,607,610,608,626,610,627,632,611,629,597,629,583,627,564,630,546,629,535,629
687,615,702,610,711,607,730,606,742,607,759,606,769,606,769,626,758,626,741,627,732,626,712,627,701,630,686,635
391,608,449,608,449,630,391,630
451,632,470,632,481,632,496,632,514,631,528,632,543,632,543,652,528,652,512,651,497,652,481,652,471,652,452,652
389,655,674,658,673,681,388,678
675,678,695,680,705,683,719,680,741,679,753,682,769,686,767,707,751,703,742,701,721,702,705,704,694,702,674,700
389,682,452,682,452,704,389,704
539,682,628,682,628,704,539,704
454,706,543,706,543,728,454,728
389,728,702,732,701,756,388,753
385,756,396,756,404,757,418,756,431,756,440,756,451,756,452,776,442,776,431,776,418,776,407,776,394,775,383,775
536,756,628,756,628,780,536,780
688,756,769,756,769,778,688,778
454,780,543,780,543,801,454,801
384,836,421,835,468,831,496,832,535,832,576,832,613,832,613,852,575,852,535,852,496,852,468,851,421,855,384,857
677,829,689,829,704,832,725,829,737,829,754,829,771,829,771,852,754,852,737,852,724,852,706,855,688,852,675,852
435,863,467,860,486,858,522,858,554,860,585,858,617,858,616,875,584,875,555,877,522,875,486,875,466,877,434,881
382,908,410,908,455,906,487,907,529,907,574,908,611,908,610,929,573,928,528,927,488,927,455,926,410,928,381,928
383,935,399,934,410,934,422,933,437,934,452,933,464,933,465,950,452,950,437,951,423,950,409,951,399,951,382,952
682,932,773,932,773,956,682,956
382,960,410,960,450,959,485,959,526,958,574,959,598,960,597,978,573,977,526,976,486,977,451,977,410,978,381,978
691,966,706,961,714,959,731,957,748,960,766,959,776,960,775,980,764,979,747,980,731,977,718,979,705,981,690,986
384,982,695,982,695,1006,384,1006
400,1011,409,1011,420,1012,436,1012,445,1012,458,1010,471,1008,472,1025,459,1027,447,1029,435,1029,421,1029,407,1028,398,1028
397,1036,408,1036,421,1036,435,1036,449,1038,458,1037,473,1038,474,1058,459,1057,447,1058,435,1056,420,1056,408,1056,397,1056
402,1062,539,1067,538,1090,401,1085
402,1088,667,1091,667,1116,401,1113
416,1170,454,1171,501,1173,591,1173,652,1170,705,1171,742,1169,741,1191,704,1192,652,1192,592,1195,501,1194,453,1193,416,1192
416,1204,453,1200,512,1198,561,1196,625,1197,674,1202,711,1205,711,1227,674,1223,624,1219,561,1218,512,1220,453,1222,416,1226
378,1250,700,1253,699,1276,377,1273
725,1254,780,1254,780,1275,725,1275
