535,116,627,116,627,130,535,130
279,134,521,138,521,161,278,157
122,211,208,214,207,237,121,234
536,221,545,221,561,221,581,224,594,224,611,224,624,223,623,241,611,241,596,241,578,241,561,238,546,239,537,238
124,238,283,245,282,267,123,260
126,263,296,272,294,295,125,287
126,287,157,289,215,294,276,296,334,297,403,298,434,298,434,321,403,321,334,321,276,319,214,317,156,312,125,310
126,315,156,317,248,321,298,323,355,325,426,323,466,322,466,344,426,345,355,347,298,345,247,342,156,338,125,337
128,371,609,376,609,398,128,393
128,394,190,396,189,418,127,415
529,400,613,404,613,425,529,421
126,445,145,444,190,448,217,445,241,448,275,449,305,452,306,472,275,469,240,468,217,466,190,468,143,465,124,466
503,452,607,452,607,472,503,472
126,469,144,470,159,471,177,471,202,472,226,472,236,472,237,493,226,492,202,493,178,491,156,491,143,490,125,489
525,476,605,476,605,497,525,497
128,494,147,495,172,499,204,497,239,498,254,498,281,497,282,517,255,518,238,519,204,517,172,519,145,515,126,514
501,501,605,501,605,521,501,521
130,519,293,519,293,541,130,541
519,524,537,525,548,525,560,526,575,525,593,525,603,524,603,543,593,544,575,544,562,545,546,544,537,544,519,542
130,546,258,546,258,566,130,566
132,569,148,569,192,571,210,571,243,570,274,570,303,569,302,586,272,588,243,587,211,589,192,588,148,587,132,586
496,572,515,572,527,572,547,572,568,572,581,572,600,572,598,590,580,590,569,591,547,591,527,591,515,591,497,591
226,594,425,594,425,613,226,613
132,613,191,613,191,633,132,633
334,617,358,617,358,635,334,635
514,622,533,619,541,617,557,618,571,618,589,619,598,619,597,635,588,635,571,634,557,634,541,633,533,635,514,638
132,658,224,658,224,680,132,680
395,669,596,660,599,707,397,717
132,682,281,682,281,702,132,702
132,704,356,704,356,725,132,725
523,706,533,706,546,706,561,706,571,706,583,706,593,706,592,725,582,725,574,725,560,725,544,725,534,725,524,725
129,727,139,728,152,729,163,729,175,729,185,729,195,729,195,747,185,747,176,747,161,747,151,747,137,746,127,746
357,748,589,710,596,752,364,789
134,753,150,752,184,752,206,751,235,749,263,752,293,752,292,770,262,769,234,767,206,768,184,770,150,770,134,771
134,772,268,772,268,792,134,792
510,774,519,774,536,775,547,774,561,775,578,774,587,774,587,790,579,790,560,791,546,790,537,791,519,790,510,790
134,798,150,796,166,794,193,795,208,795,229,796,248,797,247,813,228,812,208,811,195,811,166,811,150,812,135,814
136,815,281,815,281,835,136,835
134,837,395,837,395,857,134,857
517,837,582,837,582,853,517,853
483,857,502,858,514,858,532,858,553,858,567,858,582,857,581,873,566,874,552,874,532,874,515,874,503,874,484,873
136,859,236,859,236,880,136,880
137,906,164,904,182,901,217,902,243,900,279,900,301,899,302,918,279,919,243,919,216,921,183,920,164,923,138,925
134,926,154,925,188,925,220,924,263,923,291,922,321,920,321,937,291,939,263,940,221,941,188,942,154,942,135,943
350,955,443,945,448,992,355,1003
136,966,301,963,301,983,136,986
138,986,154,988,167,989,187,988,206,988,230,987,246,987,246,1019,230,1019,210,1019,189,1019,164,1021,154,1019,138,1018
490,1015,498,1014,514,1012,526,1013,538,1012,555,1012,564,1012,565,1028,557,1028,538,1028,526,1029,515,1028,499,1030,490,1031
140,1021,166,1020,219,1020,249,1018,291,1017,332,1015,362,1014,362,1030,332,1031,292,1033,249,1034,219,1036,166,1036,140,1037
140,1041,156,1041,178,1041,208,1040,230,1039,261,1039,280,1038,280,1054,261,1055,230,1055,209,1056,178,1057,156,1057,141,1057
140,1062,293,1058,293,1091,140,1094
144,1112,207,1112,207,1126,144,1126
144,1130,217,1128,218,1144,144,1147
144,1150,274,1143,275,1160,144,1166
146,1167,346,1162,346,1178,146,1183
146,1183,197,1183,197,1200,146,1200
146,1201,421,1196,421,1211,146,1216
121,1242,152,1242,190,1244,239,1241,261,1240,299,1239,334,1239,335,1259,300,1260,261,1260,239,1261,191,1264,152,1263,121,1262
224,1267,266,1267,266,1279,224,1279
