352,69,370,69,392,69,420,70,448,67,465,67,486,65,486,82,464,84,449,84,420,86,392,86,371,86,353,86
333,89,355,89,389,89,412,89,448,88,476,87,505,85,504,101,476,103,449,104,413,105,389,105,355,105,333,105
171,104,289,104,289,129,171,129
348,109,369,110,385,110,411,111,441,109,464,108,485,106,486,119,465,121,441,122,411,124,385,123,369,123,348,122
356,130,369,130,398,128,418,128,431,128,454,128,473,128,474,143,455,142,431,143,418,142,398,143,369,144,356,145
279,164,419,164,419,180,279,180
442,182,538,182,538,198,442,198
155,183,390,183,390,199,155,199
423,202,547,200,547,216,423,218
150,202,165,202,176,202,188,202,205,203,215,203,230,204,230,219,215,218,205,218,189,217,175,217,165,217,150,217
479,238,538,238,538,256,479,256
148,244,161,242,169,242,188,241,202,241,213,243,229,247,228,261,212,258,200,256,188,255,170,256,161,257,148,258
318,243,375,243,375,259,318,259
412,243,431,243,431,257,412,257
159,260,187,261,263,263,321,262,358,262,422,262,451,262,451,278,422,278,358,279,320,278,262,280,187,277,158,277
495,281,546,281,546,297,495,297
139,283,155,282,175,282,203,281,223,282,245,283,269,286,269,300,244,298,223,296,203,296,176,297,155,297,139,297
333,283,381,283,381,298,333,298
141,301,173,301,221,303,249,302,291,302,335,302,367,303,367,320,335,320,291,319,249,319,220,321,172,319,140,319
135,323,263,323,263,339,135,339
493,323,544,323,544,337,493,337
330,324,380,324,380,339,330,339
129,362,337,362,337,381,129,381
483,365,544,365,544,381,483,381
126,385,288,385,288,403,126,403
521,388,534,388,534,401,521,401
123,406,265,406,265,425,123,425
482,409,543,409,543,425,482,425
129,429,371,429,371,448,129,448
480,431,541,431,541,447,480,447
116,451,240,451,240,471,116,471
192,474,219,475,280,475,319,476,364,474,413,475,449,475,449,494,413,495,364,494,319,496,280,494,220,494,192,493
104,521,283,521,283,543,104,543
374,524,543,524,543,543,374,543
100,547,362,545,362,566,100,568
521,553,531,553,531,565,521,565
89,571,109,572,133,572,161,573,195,573,218,572,239,572,239,591,218,591,195,592,160,592,133,591,110,591,90,590
359,572,544,574,544,594,359,592
158,647,456,651,455,675,158,671
90,677,126,677,236,677,305,677,402,678,459,679,495,680,494,701,458,700,402,698,305,698,236,697,126,697,90,697
123,729,476,732,476,757,123,754
79,761,114,761,204,760,284,760,364,760,478,763,513,763,513,784,477,783,364,781,284,781,204,781,114,781,79,782
