319,382,476,382,476,400,319,400
298,409,495,409,495,426,298,426
194,435,201,435,202,433,208,434,215,435,217,448,224,450,228,437,221,436,214,447,209,447,203,446,194,446,188,446
292,466,510,466,510,492,292,492
326,497,354,498,387,497,450,500,497,496,537,498,565,497,565,513,537,514,497,513,451,516,386,514,354,514,327,513
204,500,215,500,235,501,248,500,259,500,278,503,286,504,285,519,277,519,258,515,249,516,234,517,215,516,204,516
209,523,244,523,273,523,338,523,370,523,422,523,458,522,459,541,423,542,370,543,338,543,274,543,245,543,209,543
427,548,482,548,482,564,427,564
535,548,592,548,592,564,535,564
337,552,344,551,345,550,353,551,358,549,363,564,369,565,373,553,366,552,358,562,351,563,347,563,339,563,332,563
199,580,548,577,548,595,200,598
338,606,371,606,371,619,338,619
429,605,482,605,482,623,429,623
539,605,593,605,593,623,539,623
200,635,495,635,495,655,200,655
335,661,342,661,346,661,352,661,358,660,364,661,372,661,373,676,365,676,358,674,353,676,346,676,340,676,333,676
430,661,484,661,484,679,430,679
540,661,595,661,595,679,540,679
296,664,306,664,306,676,296,676
196,692,224,691,281,691,324,690,376,693,431,693,466,694,466,714,431,712,377,712,323,710,281,711,224,711,197,711
430,718,485,718,485,736,430,736
542,718,597,718,597,736,542,736
338,719,371,719,371,732,338,732
191,751,201,752,215,751,230,755,241,754,253,753,263,751,262,769,253,771,243,772,229,773,212,769,201,771,192,770
197,773,280,779,278,799,195,793
535,777,598,777,598,794,535,794
198,796,320,800,319,818,197,814
387,803,424,803,424,819,387,819
535,805,598,805,598,821,535,821
230,832,258,833,322,834,390,836,478,837,558,839,586,839,586,855,558,855,478,853,389,853,322,850,257,849,229,848
345,859,363,860,385,862,399,862,421,862,442,861,460,860,460,874,442,875,422,875,399,876,384,876,362,874,344,872
258,872,539,881,538,897,257,889
