110,112,387,111,387,131,110,132
53,137,92,137,160,139,200,138,261,137,339,136,373,135,374,157,340,158,261,159,201,160,159,161,92,159,53,159
47,170,215,172,215,193,46,190
47,197,347,198,347,219,47,218
48,222,320,225,319,248,47,245
262,252,294,252,294,268,262,268
324,253,347,253,347,266,324,266
45,253,54,253,71,254,88,253,98,252,119,255,128,255,126,273,117,273,97,270,88,271,71,271,53,270,44,270
214,253,237,253,237,270,214,270
383,280,452,280,452,296,383,296
341,282,352,282,352,297,341,297
33,281,52,282,79,283,102,284,125,282,149,282,175,280,175,298,148,300,127,300,100,301,78,300,52,300,33,299
261,282,321,282,321,300,261,300
378,307,451,306,451,324,378,326
30,302,51,307,64,309,77,311,99,308,121,311,131,311,129,330,120,330,99,327,78,330,60,328,50,326,29,321
428,336,452,336,452,352,428,352
34,338,217,339,217,358,34,357
378,367,454,364,455,382,379,385
35,369,210,370,209,392,35,391
97,403,376,396,377,422,97,429
