116,121,416,118,417,142,117,144
59,151,98,151,142,151,212,150,278,151,365,147,400,146,400,169,366,170,279,174,213,173,141,174,98,174,59,174
45,184,229,188,229,211,45,206
48,212,87,214,145,216,223,218,272,217,330,215,369,213,370,236,331,238,273,239,222,240,144,238,86,236,47,234
47,243,78,243,144,247,185,245,255,245,298,245,339,244,340,269,299,269,255,269,186,270,145,271,75,267,44,267
354,266,496,276,494,304,352,293
45,273,135,280,133,306,43,300
281,277,315,277,315,296,281,296
229,278,252,278,252,297,229,297
414,309,493,307,493,327,415,329
33,310,205,312,204,332,33,330
292,311,345,311,345,330,292,330
246,312,259,312,259,330,246,330
417,339,496,337,496,358,417,360
29,335,53,339,66,344,98,341,120,340,135,342,155,343,155,364,135,363,120,362,97,362,66,365,52,361,28,357
292,341,346,341,346,360,292,360
369,342,382,342,382,358,369,358
248,343,261,343,261,361,248,361
33,367,144,375,142,401,31,394
410,371,496,370,497,391,410,392
468,403,497,403,497,423,468,423
32,405,239,407,239,430,32,428
413,439,500,437,500,459,413,460
31,441,53,441,94,446,130,443,163,442,200,442,227,441,227,461,200,462,164,463,129,463,96,466,51,461,29,462
101,480,411,473,412,503,102,509
