295,207,338,209,423,207,501,208,555,203,618,195,674,185,675,218,619,228,558,235,503,241,422,240,339,241,295,239
140,261,192,262,340,258,489,260,626,245,792,239,843,233,845,262,794,268,628,274,490,289,341,287,192,291,140,290
303,306,349,307,412,305,510,305,555,301,624,294,670,287,672,313,626,320,558,327,511,331,412,331,349,333,303,332
318,412,361,415,447,417,503,417,549,414,611,407,668,399,670,432,613,440,551,447,505,450,448,449,362,447,318,445
639,482,674,475,718,468,761,464,807,463,865,460,901,460,903,486,867,486,808,488,762,489,722,494,674,500,639,507
109,480,314,480,314,509,109,509
722,587,900,579,902,616,723,624
418,597,433,600,461,600,483,603,501,604,534,598,549,596,550,626,535,628,502,635,483,633,459,630,433,630,418,627
111,603,159,603,159,633,111,633
111,662,156,659,248,659,304,656,389,653,447,657,499,658,497,688,446,687,388,683,305,686,249,689,157,689,111,692
802,700,905,696,906,731,803,735
439,708,536,705,537,740,440,743
113,766,163,767,227,770,322,768,370,768,442,765,498,763,499,796,443,798,369,801,321,801,228,803,163,800,113,799
807,811,907,811,907,845,807,845
441,820,542,817,543,853,442,856
117,884,635,875,635,911,117,920
790,928,912,928,912,962,790,962
446,935,545,935,545,970,446,970
117,1005,160,1003,240,999,331,999,417,995,478,994,535,991,534,1024,478,1027,417,1027,333,1031,240,1031,161,1035,118,1037
791,1042,913,1037,915,1071,793,1076
437,1049,559,1045,560,1082,438,1085
794,1107,916,1103,917,1140,795,1144
116,1120,164,1120,206,1126,264,1117,317,1117,360,1119,400,1121,397,1157,357,1155,317,1154,266,1153,207,1162,162,1156,115,1156
278,1206,324,1205,411,1207,520,1198,594,1198,685,1196,731,1196,733,1223,687,1223,594,1225,521,1225,413,1234,324,1232,278,1234
