126,10,133,10,144,10,155,10,167,10,177,9,187,8,185,21,175,22,168,23,154,23,145,23,134,23,126,23
59,27,204,27,204,37,59,37
73,44,91,44,120,45,144,44,157,43,186,44,204,43,204,53,186,54,158,54,145,54,120,55,91,54,73,55
13,56,27,57,42,57,63,58,75,58,92,59,108,59,108,71,91,71,74,70,63,71,41,69,27,69,13,68
14,73,20,73,27,73,35,73,46,74,55,74,61,74,62,86,56,86,45,85,35,85,27,85,19,85,13,85
221,74,229,75,235,74,247,76,252,77,262,76,269,75,270,85,263,86,253,87,246,87,235,85,228,85,220,85
12,90,26,90,40,90,54,90,67,90,86,91,97,91,97,103,85,102,67,101,54,101,40,101,26,101,12,101
17,104,26,105,44,107,60,106,74,105,90,106,106,106,106,117,90,118,74,117,60,118,44,118,26,116,17,116
18,120,31,121,63,121,98,122,127,123,144,122,165,123,166,136,144,135,127,135,98,134,63,134,31,133,18,133
18,135,193,135,193,150,18,150
24,167,243,167,243,179,24,179
20,182,48,182,48,192,20,192
220,183,262,183,262,195,220,195
20,208,27,209,50,209,62,210,74,209,93,209,106,209,107,222,93,223,74,223,61,223,50,223,27,222,19,221
218,214,258,214,258,223,218,223
20,225,72,225,72,237,20,237
215,227,258,227,258,237,215,237
20,240,94,240,94,252,20,252
212,241,258,241,258,250,212,250
18,253,100,253,100,263,18,263
217,255,258,255,258,265,217,265
18,268,83,268,83,278,18,278
205,279,258,279,258,290,205,290
18,279,106,279,106,290,18,290
69,291,167,291,167,301,69,301
217,303,259,303,259,313,217,313
34,304,46,304,46,313,34,313
205,328,258,328,258,338,205,338
17,329,64,329,64,339,17,339
16,342,91,342,91,352,16,352
15,354,29,354,51,354,76,354,93,354,111,353,132,352,132,364,110,365,94,365,76,365,52,365,28,365,15,365
221,364,259,364,259,376,221,376
14,368,46,368,46,379,14,379
14,381,97,381,97,392,14,392
14,393,86,395,85,406,14,405
14,407,73,409,72,421,14,419
14,421,90,421,90,432,14,432
11,433,33,433,50,434,80,433,109,431,128,431,150,430,149,442,128,443,109,443,81,444,50,445,33,445,11,445
204,444,260,444,260,456,204,456
13,448,19,447,27,447,36,446,46,446,57,446,69,446,67,458,56,458,47,458,37,458,27,459,20,459,13,460
11,475,19,475,35,474,54,473,68,473,87,473,103,473,104,485,88,485,69,485,54,485,36,486,20,486,11,487
9,489,18,489,37,489,57,487,78,488,95,487,112,486,112,495,95,496,79,498,57,497,37,499,18,498,9,499
7,516,23,516,41,515,59,515,68,514,90,514,103,513,103,527,90,528,69,528,58,528,41,529,25,529,9,530
204,527,260,527,260,539,204,539
10,532,77,532,77,543,10,543
217,542,260,542,260,553,217,553
10,546,77,546,77,558,10,558
212,557,260,555,261,567,212,569
10,559,77,559,77,571,10,571
215,570,260,570,260,581,215,581
10,574,71,574,71,586,10,586
8,590,18,589,25,587,39,588,48,586,62,587,70,587,70,597,63,597,48,596,40,598,25,597,18,598,9,599
224,599,260,599,260,610,224,610
10,602,71,602,71,613,10,613
230,613,260,613,260,625,230,625
10,616,65,616,65,628,10,628
230,628,260,628,260,638,230,638
8,631,65,631,65,642,8,642
10,645,65,645,65,656,10,656
8,660,52,660,52,672,8,672
8,674,52,674,52,685,8,685
8,689,52,687,52,698,8,700
204,701,263,701,263,721,204,721
7,703,16,703,25,705,33,704,45,704,60,704,69,705,69,723,60,722,48,722,34,722,22,723,17,722,7,721
6,724,22,724,53,723,70,722,103,721,118,721,143,720,143,734,118,734,104,735,70,736,53,737,23,737,7,738
208,722,214,721,225,721,230,721,239,722,251,721,257,722,256,733,250,733,239,733,231,732,225,733,213,733,207,733
201,739,215,737,222,737,232,736,245,737,258,737,264,737,264,748,258,748,245,748,232,747,222,748,215,749,201,751
6,738,20,739,30,738,43,739,60,738,77,738,88,737,88,750,77,750,60,750,44,752,29,751,22,751,8,750
5,756,96,753,96,776,5,779
236,755,263,755,263,774,236,774
2,797,8,795,15,794,24,793,33,792,41,804,48,804,49,792,43,792,34,804,25,804,18,806,10,807,4,809
3,812,9,810,20,810,28,808,37,808,47,808,52,808,52,818,47,818,39,818,28,818,22,820,10,820,5,822
6,825,13,825,31,824,44,823,58,823,73,821,86,820,86,830,73,831,58,832,44,833,31,834,14,834,7,835
5,839,19,838,49,836,63,835,94,835,108,834,129,834,129,847,108,847,95,848,63,848,50,849,20,850,6,852
4,854,37,851,38,866,5,869
8,868,225,863,226,876,8,880
