359,124,392,127,461,130,505,135,570,137,618,137,661,136,659,161,616,162,568,161,503,159,460,155,391,152,358,149
242,162,285,164,396,166,485,170,620,176,720,183,762,186,761,211,718,208,618,201,484,195,395,191,284,188,241,187
359,203,673,217,672,242,358,228
370,299,663,308,662,340,369,330
185,349,362,356,361,385,184,379
633,368,660,368,698,369,730,369,768,369,815,371,837,372,837,397,814,397,766,394,731,394,698,394,658,393,630,393
178,463,217,463,217,490,178,490
439,465,453,469,475,471,491,474,517,476,537,471,551,468,553,496,539,498,516,503,490,501,472,499,452,496,438,493
699,472,845,472,845,505,699,505
170,511,211,513,276,518,342,519,408,518,474,522,528,521,525,551,472,552,407,548,343,549,275,548,209,543,169,541
172,566,213,566,213,596,172,596
453,572,537,572,537,605,453,605
731,575,851,575,851,607,731,607
182,621,241,621,339,622,486,625,569,624,690,626,749,625,750,660,691,660,568,658,486,659,338,656,241,656,182,655
163,675,182,675,182,701,163,701
479,677,537,677,537,710,479,710
751,681,860,681,860,712,751,712
175,735,239,733,299,730,419,731,485,738,599,732,656,736,655,773,598,770,487,775,418,769,300,768,238,771,174,773
154,790,176,790,176,818,154,818
446,790,537,790,537,825,446,825
757,790,869,790,869,827,757,827
152,849,570,849,570,884,152,884
443,910,537,907,538,945,444,948
148,910,167,910,167,938,148,938
761,912,875,909,876,946,762,949
143,971,529,971,529,1006,143,1006
141,1032,161,1032,161,1060,141,1060
439,1030,535,1030,535,1069,439,1069
766,1032,879,1032,879,1069,766,1069
128,1102,173,1103,207,1108,266,1101,310,1101,358,1107,395,1112,388,1152,352,1147,309,1141,267,1141,208,1148,169,1142,125,1142
737,1101,757,1104,793,1104,814,1107,834,1104,867,1103,888,1099,886,1138,866,1142,835,1143,812,1146,794,1143,757,1143,737,1140
265,1201,314,1200,399,1205,503,1198,595,1205,661,1201,725,1202,727,1238,662,1237,593,1241,502,1234,401,1241,312,1236,263,1237
