294,107,320,108,357,113,388,115,432,120,463,123,489,126,488,149,462,146,428,142,387,137,355,136,317,131,291,129
267,140,508,160,506,182,266,162
134,144,174,151,170,170,131,164
258,209,522,234,519,264,255,240
151,231,249,250,245,272,147,253
277,252,302,252,302,272,277,272
327,257,368,257,368,275,327,275
404,265,436,266,460,268,505,270,542,272,566,273,598,275,597,293,564,292,541,291,503,288,459,287,433,285,401,284
173,268,209,273,257,278,324,286,426,294,481,299,518,302,517,322,480,319,424,314,322,306,255,299,207,294,171,289
132,293,157,296,183,300,196,302,223,307,248,310,265,313,262,331,245,329,221,326,193,320,180,319,154,315,130,312
134,325,223,334,220,357,131,347
432,327,483,327,483,346,432,346
246,338,270,338,270,355,246,355
310,344,351,347,349,364,309,361
431,356,483,356,483,378,431,378
536,360,611,360,611,379,536,379
153,365,189,368,276,375,347,382,447,390,530,393,567,394,567,415,530,413,446,411,345,403,275,395,188,389,151,385
255,409,265,409,265,422,255,422
307,408,347,411,346,428,306,425
414,417,423,418,436,420,451,420,461,420,475,422,484,423,483,442,473,441,461,439,451,439,434,439,421,437,411,436
546,424,614,424,614,445,546,445
136,432,173,435,235,439,304,444,384,454,447,453,483,455,482,476,446,474,383,475,302,465,234,459,171,456,135,453
251,475,262,475,262,488,251,488
303,475,312,477,315,476,323,478,328,476,338,478,347,478,345,495,335,495,329,494,322,495,314,494,308,494,298,492
411,481,421,482,434,484,450,484,460,484,475,484,485,484,484,505,473,505,462,505,449,505,432,505,420,503,409,502
544,487,553,488,566,490,582,490,593,489,608,492,618,492,614,510,604,510,593,508,582,509,565,508,551,507,542,506
107,506,122,509,140,509,158,514,175,514,190,513,206,509,206,530,190,533,176,535,156,535,136,529,120,529,106,526
267,521,293,521,293,540,267,540
109,536,130,539,144,542,169,542,190,544,213,548,229,551,227,574,210,571,188,567,170,565,139,564,128,562,107,559
541,557,623,560,622,594,540,590
106,582,207,588,206,616,104,610
537,597,549,600,568,600,581,603,599,602,612,601,623,600,625,622,613,623,600,624,579,625,569,623,547,622,535,619
99,615,121,616,163,618,192,619,218,620,253,621,270,621,269,645,252,644,218,643,191,642,162,641,119,639,97,638
358,629,404,629,404,652,358,652
541,635,622,635,622,658,541,658
105,677,373,681,373,705,105,701
104,715,262,715,262,743,104,743
97,754,222,754,222,779,97,779
596,761,622,761,622,784,596,784
88,793,124,794,143,794,189,796,206,796,246,793,272,790,272,813,246,816,207,819,188,819,142,818,125,817,90,816
583,799,625,799,625,820,583,820
85,835,114,836,144,839,186,834,205,835,244,832,267,832,268,858,245,858,205,861,188,860,145,865,113,862,84,861
87,874,121,873,170,874,213,871,258,869,313,866,342,865,340,891,311,892,261,895,213,897,171,900,121,899,87,900
550,870,563,871,577,872,589,872,605,872,619,872,632,872,629,896,616,896,607,896,591,896,574,897,562,896,550,895
119,932,164,930,267,922,356,923,446,927,548,923,593,924,593,949,548,948,446,953,355,949,269,947,165,955,120,958
287,965,309,966,344,968,366,967,390,967,421,966,447,967,447,991,421,990,390,991,368,991,341,992,307,990,286,989
156,1005,551,992,552,1020,157,1033
