172,147,203,150,241,154,282,155,325,155,383,155,410,154,411,174,384,175,325,175,282,175,240,174,202,170,171,167
122,180,153,184,198,187,288,192,367,190,458,186,489,183,490,201,459,204,368,208,288,210,196,205,152,202,121,198
214,218,375,218,375,239,214,239
181,254,407,249,408,276,182,281
45,280,68,282,93,284,108,285,137,288,164,292,178,295,174,314,160,312,134,307,106,305,92,303,67,301,44,299
203,293,289,295,289,314,202,312
45,309,55,312,71,314,77,315,90,315,99,318,109,320,107,339,97,338,87,334,79,335,65,333,50,330,40,328
203,321,412,321,412,343,203,343
48,341,161,350,159,369,46,361
204,353,314,353,314,374,204,374
46,371,172,380,170,402,45,393
200,383,221,384,262,382,288,383,329,381,355,381,382,380,382,396,354,397,330,397,288,399,263,398,221,400,200,399
46,432,67,436,95,436,114,440,139,443,176,441,190,442,190,458,176,457,139,459,113,456,95,452,65,452,45,448
378,439,413,439,413,457,378,457
476,442,484,440,497,439,508,439,517,441,533,443,540,445,536,461,528,458,516,456,506,455,498,455,483,456,475,457
231,444,313,442,313,463,231,464
46,470,269,478,268,498,45,490
130,501,196,508,194,532,127,525
246,505,319,505,319,525,246,525
465,505,479,505,487,505,503,504,514,504,527,504,541,504,542,523,528,523,515,523,502,523,489,524,479,524,465,525
74,538,105,539,181,541,264,544,369,542,417,545,448,547,448,564,417,563,369,559,264,561,181,559,104,557,73,555
140,568,197,570,196,592,139,589
250,569,319,569,319,591,250,591
469,569,543,569,543,589,469,589
40,602,75,603,143,605,179,606,243,607,311,606,338,606,339,626,312,626,243,627,180,626,143,625,74,623,39,622
115,632,185,632,185,655,115,655
473,636,483,635,493,633,508,633,524,634,532,634,546,635,546,654,532,653,524,653,506,653,496,653,481,654,471,655
260,634,318,634,318,656,260,656
50,670,89,671,152,673,213,673,252,673,320,670,359,668,358,690,319,691,253,694,213,694,153,694,88,693,49,692
475,700,548,697,548,720,476,723
246,700,319,700,319,722,246,722
127,701,137,700,152,702,162,702,178,704,185,707,195,712,193,731,183,727,174,723,159,721,150,721,135,720,125,720
50,740,85,739,159,739,248,738,317,737,393,738,429,737,428,757,393,758,316,757,248,758,159,759,86,759,50,760
258,767,314,767,314,789,258,789
479,766,551,768,551,793,478,791
135,770,195,770,195,791,135,791
524,832,549,832,549,855,524,855
184,835,204,835,234,838,265,835,294,834,315,835,339,835,338,852,314,852,294,851,266,852,234,855,203,852,183,852
468,866,551,866,551,888,468,888
180,869,198,869,226,873,259,869,291,869,322,870,343,871,341,886,320,886,291,885,259,885,226,888,197,885,179,885
170,901,201,901,218,902,249,901,280,900,312,900,343,900,342,920,311,920,280,920,250,921,218,922,200,921,169,921
445,906,551,903,551,930,446,933
467,939,483,939,496,938,514,939,527,938,540,936,549,934,552,952,543,954,528,956,513,957,496,956,484,957,467,957
175,942,199,939,224,939,255,937,296,941,316,939,344,940,344,958,316,958,295,959,254,955,225,957,199,958,175,960
194,998,214,1000,253,1002,293,1003,334,1000,373,999,405,996,405,1014,374,1017,335,1018,293,1021,253,1020,213,1018,193,1016
