315,226,599,213,601,268,317,281
288,301,650,285,651,306,289,322
64,317,218,317,218,349,64,349
389,321,412,322,434,320,462,322,500,318,530,317,546,316,546,332,530,333,501,334,463,338,434,337,413,338,390,337
62,359,222,359,222,375,62,375
209,394,543,379,545,413,211,428
366,442,396,441,437,438,487,437,519,435,553,434,588,433,590,456,555,457,522,459,486,460,437,461,397,464,367,465
51,439,313,435,313,469,52,473
212,485,345,483,345,510,213,512
51,486,65,486,79,488,92,486,106,487,114,485,128,483,129,511,115,512,103,514,93,513,75,515,62,513,48,513
499,520,566,520,566,544,499,544
375,524,453,524,453,548,375,548
54,527,155,529,154,556,53,554
188,528,257,528,257,552,188,552
596,556,690,556,690,588,596,588
470,564,542,561,543,592,472,594
393,566,425,566,425,594,393,594
176,568,291,568,291,598,176,598
591,603,682,598,683,623,592,627
462,608,551,604,553,628,464,633
91,612,120,612,167,613,205,612,255,611,297,612,336,613,336,639,297,638,255,637,206,638,168,639,120,639,91,638
607,641,684,638,685,666,608,669
473,644,548,644,548,670,473,670
120,652,164,650,192,649,243,648,276,647,318,646,361,645,360,673,316,675,275,676,244,677,192,678,164,679,121,681
593,682,686,678,687,706,594,709
467,684,556,684,556,710,467,710
61,693,347,686,347,720,62,727
610,720,688,720,688,746,610,746
475,722,550,722,550,750,475,750
130,726,361,726,361,758,130,758
598,760,688,760,688,787,598,787
467,765,557,761,558,788,468,792
66,766,353,766,353,799,66,799
614,799,690,799,690,827,614,827
477,803,552,803,552,829,477,829
153,811,181,811,212,809,249,810,282,807,315,807,343,806,340,831,311,832,284,832,250,835,212,834,182,836,154,836
574,843,688,843,688,871,574,871
57,852,242,849,243,879,58,882
342,893,352,890,366,889,374,887,390,887,405,890,415,893,412,913,402,910,385,907,377,906,366,909,353,910,343,914
608,887,690,887,690,909,608,909
53,900,83,899,117,898,136,897,181,896,211,893,237,891,236,914,210,916,181,919,138,920,118,920,83,922,53,923
548,949,682,949,682,975,548,975
57,960,347,954,347,987,58,993
598,1001,694,1001,694,1028,598,1028
80,1013,110,1013,128,1013,168,1011,186,1009,217,1009,247,1006,246,1029,216,1032,188,1032,170,1034,127,1036,110,1035,80,1035
159,1085,204,1084,289,1082,396,1078,456,1078,526,1080,570,1083,571,1107,527,1105,456,1102,396,1102,291,1107,204,1108,160,1110
253,1115,292,1113,326,1113,382,1111,436,1111,468,1110,507,1109,507,1131,468,1132,436,1133,382,1133,327,1135,292,1135,253,1136
57,1205,83,1207,113,1206,145,1208,162,1207,197,1205,222,1202,222,1226,197,1228,164,1230,145,1231,113,1229,84,1230,59,1228
