245,125,289,124,326,123,362,124,419,123,460,124,503,123,502,149,459,149,419,148,362,150,325,149,288,150,245,151
268,154,477,159,476,187,268,182
38,180,198,180,198,223,38,223
261,190,299,192,337,191,374,193,404,193,444,191,477,191,479,216,446,217,403,218,374,218,337,217,298,217,260,216
290,226,448,224,449,250,291,252
31,285,218,285,218,310,31,310
362,285,550,287,550,312,362,309
203,316,373,316,373,339,203,339
26,343,46,346,59,345,73,349,94,345,110,346,130,343,130,366,109,369,96,368,73,372,58,368,45,369,25,365
384,348,551,348,551,370,384,370
28,376,203,376,203,398,28,398
26,406,200,406,200,430,26,430
