325,373,468,376,467,395,324,391
306,403,330,402,366,401,400,401,427,403,453,402,477,402,477,416,453,416,427,417,400,415,367,415,329,416,305,417
221,425,237,425,237,437,221,437
302,456,496,456,496,480,302,480
353,488,367,487,383,486,396,486,411,489,430,487,442,487,442,502,431,502,411,505,394,502,382,502,369,503,354,504
235,508,263,508,321,509,378,508,445,511,502,509,529,509,529,525,501,524,445,526,377,524,321,524,263,524,235,524
222,532,250,532,310,532,368,533,436,534,492,533,520,534,520,549,492,549,435,549,368,548,310,547,250,547,223,547
508,553,568,553,568,569,508,569
343,555,372,555,372,568,343,568
412,556,420,555,434,555,441,554,450,555,464,555,472,555,472,570,464,569,450,569,441,569,435,569,420,569,412,570
221,581,530,581,530,597,221,597
218,603,307,605,307,622,218,620
433,603,472,603,472,619,433,619
429,626,437,627,445,626,449,627,458,626,468,627,476,627,473,643,464,642,459,641,451,643,443,642,435,643,427,642
519,626,569,626,569,644,519,644
218,628,280,628,280,644,218,644
343,628,372,628,372,641,343,641
218,655,250,655,310,653,374,654,435,655,494,653,525,653,525,670,493,670,436,673,374,671,310,670,250,672,219,672
343,678,372,678,372,692,343,692
424,678,474,678,474,694,424,694
522,678,573,678,573,696,522,696
213,709,275,712,274,731,212,728
212,729,226,732,238,735,247,736,265,734,282,735,290,735,289,751,281,751,266,750,248,752,235,750,225,749,211,745
518,733,579,733,579,755,518,755
207,763,216,764,234,764,245,766,256,765,273,764,282,762,281,781,271,782,256,783,245,784,233,782,219,782,210,781
518,764,577,764,577,781,518,781
212,786,323,786,323,804,212,804
385,789,419,789,419,806,385,806
518,789,577,789,577,806,518,806
228,823,574,823,574,843,228,843
348,851,362,851,377,851,398,851,416,851,435,849,453,847,453,863,436,865,417,867,400,867,376,867,362,867,347,867
260,870,526,870,526,888,260,888
