175,80,331,81,330,99,174,98
169,100,192,101,226,102,248,102,276,106,312,102,331,102,331,120,312,120,276,123,248,120,225,119,192,119,169,118
23,116,134,116,134,146,23,146
181,123,197,124,223,125,248,126,281,126,294,125,318,122,318,139,295,142,280,143,248,143,222,142,197,141,181,140
198,145,304,147,303,165,198,163
130,183,258,185,258,201,129,200
23,203,232,203,232,221,23,221
278,205,363,205,363,221,278,221
23,223,89,223,89,241,23,241
262,225,372,225,372,241,262,241
21,263,35,262,42,262,60,261,69,261,85,264,93,264,92,280,84,280,68,277,59,278,43,278,35,278,21,279
169,263,176,264,186,263,200,265,208,264,217,264,224,263,225,277,218,278,210,278,197,279,185,278,177,278,169,277
313,264,364,264,364,280,313,280
254,265,272,265,272,280,254,280
23,281,51,282,94,282,151,283,184,283,233,283,261,283,260,299,233,299,184,299,152,299,93,297,51,297,23,296
23,302,133,302,133,318,23,318
172,304,232,304,232,318,172,318
310,304,371,304,371,319,310,319
270,305,280,305,280,317,270,317
28,322,53,322,102,322,159,323,210,322,274,323,299,322,299,337,275,337,210,337,159,338,102,337,53,337,28,336
23,341,133,341,133,356,23,356
188,343,231,343,231,355,188,355
318,343,371,343,371,357,318,357
270,344,279,344,279,356,270,356
23,376,199,378,199,396,23,394
309,381,316,382,330,382,340,383,349,382,363,382,370,381,370,394,363,395,348,395,340,396,330,395,315,395,308,394
23,397,159,397,159,413,23,413
351,402,361,402,361,413,351,413
21,417,43,417,55,417,85,416,100,418,120,419,141,422,142,437,120,433,100,432,85,431,55,431,43,431,21,432
309,420,370,420,370,435,309,435
31,436,44,436,52,436,63,438,77,437,87,437,100,436,101,451,87,452,76,451,63,452,52,450,44,451,31,450
310,439,370,439,370,454,310,454
23,455,125,455,125,472,23,472
310,458,370,458,370,473,310,473
85,472,109,474,158,475,191,477,231,475,266,475,293,473,293,489,265,491,231,491,191,493,157,491,109,490,85,488
81,531,304,534,303,551,81,548
35,552,60,552,142,552,192,553,265,553,306,554,331,555,331,569,306,568,265,567,192,567,142,566,60,566,35,566
79,590,109,589,142,588,183,589,241,591,275,589,305,588,305,606,275,607,241,608,183,607,142,606,109,607,79,607
22,610,362,612,362,627,22,626
