107,123,137,124,196,125,250,126,326,122,367,123,401,122,402,142,368,143,326,142,251,146,195,145,137,144,107,143
51,146,89,149,136,151,204,153,279,151,353,150,391,149,392,170,354,171,280,173,205,175,135,173,89,171,51,168
39,182,65,183,101,185,130,185,160,185,191,187,225,189,226,209,192,207,159,204,130,204,101,204,63,202,37,202
41,209,78,210,137,212,212,212,248,211,306,211,344,209,344,231,306,233,249,233,212,234,136,234,78,232,40,231
41,239,330,239,330,267,41,267
40,265,125,272,123,293,38,285
333,270,474,270,474,288,333,288
268,270,302,270,302,288,268,288
217,271,237,271,237,288,217,288
29,299,149,299,149,321,29,321
398,299,474,299,474,319,398,319
267,301,329,301,329,318,267,318
397,327,474,324,475,347,398,350
29,327,120,327,120,347,29,347
267,327,330,327,330,349,267,349
30,355,142,355,142,377,30,377
411,355,472,355,472,373,411,373
279,356,327,356,327,373,279,373
29,383,50,383,62,383,81,383,100,383,120,383,142,383,142,402,120,402,101,402,81,402,63,402,50,402,28,402
398,383,471,383,471,401,398,401
279,384,318,384,318,401,279,401
30,411,126,411,126,429,30,429
268,411,319,411,319,429,268,429
398,411,474,411,474,431,398,431
32,438,142,438,142,458,32,458
395,439,407,439,421,437,435,439,448,438,466,439,475,439,475,455,466,455,449,454,434,455,421,454,407,455,395,455
270,440,327,440,327,457,270,457
411,465,475,465,475,485,411,485
32,466,123,466,123,486,32,486
281,466,330,466,330,485,281,485
268,495,277,495,287,494,302,493,315,494,326,494,335,495,335,513,326,512,313,511,304,510,289,512,275,512,266,513
400,492,475,492,475,513,400,513
30,491,53,493,75,495,103,495,116,495,143,493,165,491,165,510,143,512,118,513,103,514,75,514,52,512,29,510
400,520,475,520,475,540,400,540
29,522,47,521,77,523,97,521,118,521,136,521,158,521,158,540,136,540,119,540,98,540,75,542,47,540,29,540
270,522,330,522,330,539,270,539
401,546,410,547,422,547,436,548,454,547,467,548,476,549,475,567,466,566,454,565,436,565,423,564,407,564,399,564
33,548,94,548,94,568,33,568
270,548,333,548,333,568,270,568
412,574,475,574,475,594,412,594
33,574,55,575,77,577,110,576,138,575,157,576,183,576,181,596,155,596,137,595,110,596,76,597,55,595,33,594
282,576,330,576,330,593,282,593
282,602,332,602,332,621,282,621
401,602,475,602,475,622,401,622
35,604,109,604,109,624,35,624
401,628,477,628,477,649,401,649
35,630,194,630,194,650,35,650
270,630,335,630,335,650,270,650
267,656,276,657,289,656,304,658,315,656,327,657,336,656,334,674,325,674,316,673,303,676,290,674,278,675,269,674
403,656,477,656,477,676,403,676
35,658,183,658,183,678,35,678
273,684,335,684,335,704,273,704
403,684,477,684,477,704,403,704
35,687,64,685,97,686,117,685,147,685,183,684,208,683,208,704,184,705,147,706,118,706,96,707,64,706,35,708
415,710,479,710,479,730,415,730
284,712,335,712,335,730,284,730
37,713,160,713,160,734,37,734
268,740,277,740,289,738,304,739,315,739,327,739,337,739,338,758,328,758,316,758,302,758,290,757,278,758,268,759
402,739,412,739,426,737,439,738,459,739,470,739,480,739,482,758,472,758,459,758,439,757,426,755,412,758,402,758
35,741,196,741,196,761,35,761
415,766,479,766,479,786,415,786
280,767,290,767,300,765,307,767,317,767,328,767,338,767,337,785,327,785,319,785,309,785,298,784,290,785,280,785
37,769,137,769,137,789,37,789
415,792,480,792,480,812,415,812
284,794,336,794,336,812,284,812
37,795,162,795,162,815,37,815
417,820,480,820,480,840,417,840
38,821,135,824,134,847,37,843
284,822,338,822,338,842,284,842
33,849,45,850,67,852,81,852,104,851,127,854,139,855,139,872,126,872,103,869,83,869,64,870,46,868,33,867
384,849,479,849,479,870,384,870
228,851,251,851,251,870,228,870
38,878,227,881,227,902,38,899
452,879,479,879,479,899,452,899
38,909,57,909,96,912,123,911,159,910,185,912,215,912,213,930,183,929,160,928,122,928,97,929,56,927,36,927
384,908,479,908,479,928,384,928
100,942,394,942,394,967,100,967
