79,153,116,154,150,153,216,154,249,150,295,152,337,149,341,177,298,181,249,178,217,183,149,182,113,182,76,181
223,238,388,229,389,251,225,261
42,237,122,240,122,260,42,257
219,266,388,257,389,279,220,288
40,268,55,265,72,265,90,261,112,265,132,266,147,269,146,290,131,287,111,286,89,282,73,285,54,286,39,289
252,292,267,291,300,290,315,289,345,287,367,285,390,283,391,304,368,306,346,307,316,309,301,310,267,312,252,313
271,317,287,316,308,315,330,314,353,313,367,312,387,311,390,333,369,335,354,336,331,337,308,338,288,339,272,340
43,320,74,320,74,339,43,339
226,320,257,320,257,339,226,339
142,321,201,321,201,340,142,340
332,343,388,339,389,360,333,363
44,343,117,346,117,369,43,366
43,373,180,373,180,394,43,394
42,400,123,400,123,421,42,421
349,400,387,400,387,414,349,414
129,426,272,426,272,448,129,448
340,450,388,450,388,471,340,471
227,453,292,453,292,474,227,474
42,454,88,457,87,477,41,475
156,455,202,455,202,475,156,475
326,479,388,477,389,498,327,500
227,480,257,480,257,500,227,500
122,482,195,482,195,502,122,502
42,483,80,483,80,503,42,503
227,505,322,505,322,527,227,527
342,505,388,505,388,526,342,526
42,510,202,510,202,530,42,530
253,560,275,559,291,558,318,558,347,558,364,558,386,557,386,581,364,581,349,582,317,582,291,582,275,583,253,583
38,562,61,562,89,562,120,563,133,561,160,561,187,558,187,579,160,582,133,582,120,584,89,583,62,584,39,583
41,588,195,588,195,612,41,612
85,674,116,672,159,671,209,670,253,670,296,670,332,671,331,691,295,691,253,691,209,691,159,692,117,693,85,695
184,697,238,697,238,718,184,718
161,724,266,720,266,744,162,747
140,751,287,750,287,772,140,773
