203,90,243,93,274,94,317,97,350,92,401,95,432,93,431,117,401,119,351,115,317,120,273,117,243,117,203,113
220,121,254,123,274,124,311,124,354,122,385,121,418,119,418,139,384,141,355,142,312,143,273,144,253,142,220,141
36,140,174,140,174,176,36,176
212,150,244,151,276,152,323,151,357,149,390,149,422,148,423,170,390,171,358,170,324,172,276,173,244,172,211,171
251,179,384,177,384,199,251,201
169,226,326,228,326,250,169,248
35,251,292,251,292,273,35,273
351,254,459,252,459,271,352,273
34,276,44,277,61,277,73,278,92,277,104,277,122,277,122,295,105,296,93,296,74,296,59,295,42,295,32,294
333,278,468,278,468,297,333,297
393,329,402,329,418,329,427,329,438,327,453,328,462,328,458,344,449,345,440,344,430,346,417,347,401,347,392,347
33,329,51,327,61,327,82,326,94,327,115,329,125,331,123,350,113,349,93,346,81,345,62,346,51,347,34,348
219,327,228,329,239,330,256,332,265,329,277,328,285,326,286,344,277,346,268,347,253,349,238,348,227,346,218,345
322,330,345,330,345,348,322,348
33,351,62,352,102,353,136,354,166,353,207,353,224,353,224,372,206,373,166,372,136,373,102,372,61,371,32,370
36,379,174,379,174,398,36,398
231,380,294,380,294,398,231,398
403,380,468,380,468,398,403,398
38,426,255,426,255,448,38,448
405,430,470,430,470,448,405,448
38,451,205,451,205,473,38,473
445,456,458,456,458,471,445,471
37,477,183,475,183,497,38,499
404,480,412,480,424,481,439,481,449,480,462,481,470,480,469,496,462,496,451,495,439,496,422,497,410,496,403,495
47,501,133,501,133,523,47,523
395,505,470,505,470,523,395,523
38,526,164,526,164,549,38,549
405,531,413,531,425,531,437,530,452,531,463,531,471,531,469,547,461,547,453,547,437,546,424,547,412,546,404,546
120,551,386,551,386,575,120,575
107,628,135,627,186,627,248,626,289,628,359,630,391,633,391,654,358,651,288,649,248,647,187,648,136,648,107,649
53,657,83,656,164,657,246,655,318,656,392,657,422,658,421,675,391,674,318,674,246,672,164,674,84,673,54,674
88,702,410,704,410,727,88,725
36,732,460,730,460,750,36,752
