180,85,347,85,347,104,180,104
178,109,200,110,235,110,259,111,289,113,317,110,347,110,347,127,318,127,290,130,259,128,235,128,201,127,178,126
17,124,138,124,138,158,17,158
187,131,216,134,233,134,263,136,287,135,310,133,335,129,336,149,311,152,287,154,263,155,232,154,217,153,188,150
206,158,319,158,319,178,206,178
132,201,270,201,270,219,132,219
16,222,242,224,242,244,15,241
291,224,384,222,385,241,292,243
12,246,28,245,39,244,49,245,64,245,76,245,88,246,88,262,76,262,64,262,50,261,37,260,27,262,12,263
276,246,394,246,394,264,276,264
328,289,386,289,386,308,328,308
13,293,28,291,38,290,57,289,66,290,85,293,94,294,92,311,83,310,65,307,56,307,38,308,29,308,13,310
176,293,184,293,193,294,207,293,212,293,226,293,233,293,234,307,227,307,214,307,204,307,194,308,183,307,175,307
266,293,286,293,286,309,266,309
14,314,40,314,65,313,87,314,121,315,156,314,171,314,171,331,155,331,121,332,88,332,65,330,39,331,13,332
16,335,135,335,135,353,16,353
186,336,242,336,242,353,186,353
276,336,293,336,293,352,276,352
325,335,333,335,349,335,358,336,370,335,387,335,396,335,396,351,387,351,370,351,358,352,349,351,333,351,324,351
17,378,207,378,207,398,17,398
327,380,392,380,392,395,327,395
14,399,32,399,66,401,86,401,111,400,147,399,165,398,164,417,147,418,111,418,86,420,66,420,31,418,14,418
372,403,383,403,383,416,372,416
17,422,146,422,146,442,17,442
325,423,333,424,349,424,358,424,370,424,386,424,394,423,394,440,386,440,370,440,358,441,349,440,333,440,324,439
26,445,101,445,101,465,26,465
327,446,391,446,391,462,327,462
17,466,128,466,128,486,17,486
325,467,333,468,349,468,358,469,370,468,386,468,394,468,394,484,386,484,370,484,358,485,349,484,333,484,324,484
85,490,118,489,163,489,209,489,252,489,279,489,312,488,311,506,278,507,252,507,209,507,162,507,119,507,86,508
17,533,171,533,171,553,17,553
248,534,391,534,391,550,248,550
15,557,239,552,240,573,16,577
374,560,383,560,383,572,374,572
16,579,135,579,135,599,16,599
234,578,253,577,286,578,315,577,341,578,367,578,393,578,393,596,367,595,340,595,315,595,286,595,253,595,233,595
79,644,323,645,323,666,79,664
27,670,57,670,136,668,199,667,280,668,351,669,381,670,380,687,351,687,280,685,199,685,136,685,57,687,27,688
70,714,100,713,145,713,189,713,252,713,291,712,321,711,320,729,290,729,252,731,189,730,145,730,100,730,70,731
23,737,56,736,126,736,189,736,252,735,342,736,375,736,374,754,341,754,252,753,189,754,127,754,56,755,23,755
