191,184,539,177,540,231,192,238
290,266,333,266,380,269,447,262,521,260,595,259,637,258,638,282,595,283,522,284,448,286,381,293,333,290,290,290
137,307,180,306,301,306,375,303,504,299,578,299,620,299,621,323,578,324,504,324,375,327,302,331,181,331,138,332
234,349,506,344,507,385,234,391
146,424,607,417,608,442,146,449
238,464,268,462,321,458,377,457,416,457,488,455,513,456,513,482,488,482,416,483,377,484,323,485,267,489,237,491
354,513,386,513,428,514,460,513,504,511,529,511,566,510,566,535,529,536,504,536,460,538,427,539,387,538,354,538
118,515,329,515,329,540,118,540
502,551,672,548,672,573,502,575
341,552,439,552,439,578,341,578
502,626,680,623,680,648,502,651
109,628,139,628,167,634,184,631,220,630,249,630,264,629,264,651,248,651,221,651,185,652,165,655,137,650,108,649
554,642,562,642,562,652,554,652
593,663,685,663,685,688,593,688
393,664,422,664,422,688,393,688
109,663,121,664,146,664,165,667,186,669,210,665,227,664,226,688,209,689,186,693,164,690,145,688,120,688,108,687
346,666,363,666,363,688,346,688
106,700,117,701,135,703,151,704,170,702,189,703,204,702,205,724,189,725,168,724,152,725,134,724,117,723,106,722
507,702,689,702,689,727,507,727
560,719,568,719,568,729,560,729
232,748,278,748,338,746,376,748,441,748,502,750,543,750,543,777,502,777,441,775,375,775,337,773,278,775,231,775
128,806,182,804,254,804,382,802,501,804,626,805,680,806,679,837,625,837,501,836,381,833,254,835,181,836,127,838
151,853,209,850,324,848,401,849,512,858,573,858,631,862,631,896,573,892,511,891,400,882,323,881,208,884,150,886
215,891,269,889,336,887,401,887,477,893,551,891,605,892,606,923,551,922,477,924,400,918,336,918,267,920,213,922
144,938,194,941,269,942,394,949,502,952,615,937,666,932,669,961,619,967,503,982,393,979,268,972,192,970,142,967
