186,80,397,80,397,101,186,101
157,120,193,118,233,116,296,116,336,115,394,115,421,114,421,134,394,135,336,135,296,136,232,136,192,138,157,139
16,147,54,147,54,164,16,164
147,192,437,192,437,223,147,223
415,234,531,230,532,252,416,256
31,235,43,234,64,235,85,235,101,235,126,238,137,238,135,260,124,259,99,256,85,256,64,257,42,256,31,256
169,236,197,236,197,254,169,254
223,235,269,235,269,254,223,254
306,234,316,235,332,236,346,237,361,240,382,235,391,234,393,253,383,254,362,259,346,256,330,256,315,254,306,253
32,264,67,267,203,267,262,272,375,270,469,267,505,265,505,286,470,287,376,290,262,293,203,288,67,288,32,285
478,299,549,299,549,319,478,319
149,301,159,301,159,315,149,315
207,301,249,301,249,317,207,317
328,300,338,300,351,301,367,300,380,300,392,300,402,299,402,319,392,320,380,320,370,320,349,320,338,320,328,320
503,314,510,314,510,322,503,322
19,339,60,339,140,338,215,338,322,338,399,341,439,343,439,366,399,364,322,361,215,361,140,361,60,362,20,362
326,373,337,373,352,373,365,372,381,372,395,372,406,372,406,394,395,394,381,394,368,394,349,394,337,394,326,394
479,373,554,373,554,394,479,394
204,375,247,375,247,392,204,392
508,388,514,388,514,396,508,396
14,416,52,416,147,415,256,413,345,414,419,412,457,412,458,434,420,434,345,436,257,435,147,437,52,438,14,439
484,450,561,449,561,471,484,472
330,450,406,450,406,472,330,472
200,452,243,452,243,470,200,470
358,466,364,466,364,474,358,474
513,466,519,466,519,474,513,474
0,498,81,505,79,533,0,526
173,509,186,509,186,526,173,526
476,532,488,534,505,535,522,537,536,534,561,534,572,531,571,554,560,557,537,557,523,561,504,559,488,558,476,555
2,534,108,542,106,570,0,563
0,573,163,573,163,599,0,599
477,575,489,577,505,577,524,580,538,576,561,575,573,572,573,595,561,598,538,599,525,603,505,600,489,600,477,598
265,577,318,577,318,601,265,601
6,631,569,631,569,655,6,655
