201,67,254,68,342,67,424,69,519,73,593,71,653,72,653,107,593,106,520,108,424,104,340,103,254,103,201,103
145,124,205,121,293,115,434,117,558,117,682,116,742,116,743,149,682,150,558,151,433,151,293,149,205,155,145,158
297,163,588,163,588,193,297,193
370,222,521,222,521,256,370,256
682,309,837,309,837,340,682,340
56,315,223,312,224,343,57,347
620,348,656,350,696,355,731,353,773,354,808,350,844,347,844,378,809,381,772,385,733,384,696,386,655,381,619,378
57,360,136,360,136,389,57,389
639,403,669,400,703,396,739,396,783,399,817,398,843,399,842,422,817,421,782,423,737,419,705,420,670,423,640,426
54,395,87,399,112,401,150,402,194,400,218,398,250,395,250,424,218,427,197,429,149,431,110,430,87,428,54,424
580,438,841,435,841,465,580,468
57,437,86,442,109,445,145,449,158,444,190,446,214,440,214,466,189,472,161,470,141,474,109,472,87,468,58,463
731,535,851,535,851,570,731,570
562,544,609,544,609,574,562,574
63,550,220,550,220,584,63,584
725,589,743,593,776,593,793,595,811,592,843,590,856,587,857,613,844,616,812,618,793,621,775,619,742,618,724,615
60,605,160,601,161,631,61,635
54,635,73,638,95,640,118,642,150,638,171,637,184,634,184,661,171,663,152,664,119,668,94,666,72,664,54,661
755,680,857,680,857,711,755,711
580,684,601,684,601,711,580,711
59,692,112,692,112,721,59,721
58,727,146,724,147,756,59,758
755,771,769,771,791,771,813,771,833,770,848,770,863,770,865,797,850,798,834,798,813,799,788,799,770,799,755,799
54,775,86,777,118,777,158,779,204,777,238,775,271,772,270,802,238,804,208,806,157,808,116,806,87,806,55,804
59,815,165,815,165,847,59,847
745,894,865,894,865,925,745,925
58,894,149,903,145,939,54,930
768,941,863,941,863,971,768,971
57,945,307,945,307,982,57,982
817,988,861,988,861,1016,817,1016
59,992,207,992,207,1024,59,1024
683,1098,722,1099,752,1100,785,1098,812,1097,839,1098,870,1098,868,1134,836,1133,810,1132,789,1133,750,1135,723,1134,684,1133
62,1097,168,1108,164,1151,58,1139
729,1149,870,1149,870,1177,729,1177
65,1155,211,1155,211,1185,65,1185
184,1214,229,1213,359,1210,447,1210,581,1211,672,1209,717,1209,718,1235,673,1235,581,1237,447,1236,360,1237,230,1240,184,1240
341,1255,607,1249,607,1273,342,1279
