171,87,204,87,238,87,269,88,318,87,359,86,384,85,383,104,359,105,318,106,270,107,237,106,204,106,171,106
193,113,218,111,242,110,279,111,303,112,334,111,360,110,359,127,333,128,304,129,278,128,242,127,219,128,193,129
36,123,156,123,156,156,36,156
202,132,223,134,250,134,272,136,306,134,332,133,353,130,353,149,333,151,306,153,273,155,249,153,223,153,202,150
222,157,334,157,334,178,222,178
150,198,284,198,284,216,150,216
34,218,67,219,111,219,137,220,183,220,225,220,257,220,258,239,225,239,182,239,137,239,110,238,67,238,34,237
305,222,395,219,396,236,306,239
35,239,107,239,107,259,35,259
289,243,404,240,405,258,290,261
341,286,348,287,361,285,370,286,381,283,391,285,398,285,396,299,389,299,382,298,372,300,361,300,348,301,340,301
31,286,47,284,56,283,74,284,86,285,97,286,110,288,108,302,94,300,85,299,73,299,57,298,48,299,32,301
192,285,199,286,210,287,224,288,231,287,243,286,250,285,250,300,243,301,234,302,221,303,209,301,199,301,192,299
281,287,300,287,300,303,281,303
36,306,282,306,282,325,36,325
35,326,153,326,153,344,35,344
348,326,404,326,404,342,348,342
203,329,256,329,256,345,203,345
35,348,351,348,351,366,35,366
348,369,403,369,403,385,348,385
35,370,153,370,153,387,35,387
203,372,256,372,256,388,203,388
35,391,369,391,369,410,35,410
35,413,154,413,154,429,35,429
357,413,403,413,403,428,357,428
211,415,256,415,256,429,211,429
36,454,223,454,223,472,36,472
348,454,403,454,403,471,348,471
36,475,179,475,179,494,36,494
382,476,394,476,394,491,382,491
32,496,58,497,71,498,103,498,120,499,148,498,163,499,164,516,149,515,121,516,103,515,71,515,58,514,33,513
348,497,403,497,403,513,348,513
340,518,403,518,403,534,340,534
45,519,119,519,119,537,45,537
357,540,403,540,403,554,357,554
45,541,92,541,92,557,45,557
35,562,145,559,145,578,35,580
341,560,404,560,404,576,341,576
108,581,137,582,180,582,215,582,250,581,293,581,322,580,321,596,292,597,251,597,215,599,180,599,138,599,109,598
30,629,49,629,84,625,111,627,136,626,164,625,189,624,188,640,163,641,137,642,111,643,85,642,50,645,31,646
263,625,403,625,403,641,263,641
34,648,254,643,254,662,35,667
253,666,403,668,403,685,252,683
35,669,153,667,153,687,35,689
97,730,334,730,334,749,97,749
50,759,76,758,164,754,215,753,294,754,337,755,362,756,362,771,337,770,294,768,215,767,164,768,76,772,51,774
75,797,103,796,162,794,205,793,268,794,303,794,336,795,335,814,303,813,268,813,205,812,163,812,104,815,76,816
38,822,67,820,136,817,198,816,268,816,336,817,365,818,364,834,335,834,268,833,197,833,136,833,67,837,39,838
