263,180,500,201,498,225,261,204
221,221,252,223,312,227,381,231,408,235,466,238,501,242,499,263,464,258,406,255,379,251,310,247,250,243,220,241
57,242,103,248,100,266,54,260
206,298,502,315,500,347,204,330
79,337,91,337,117,338,139,338,153,340,180,344,192,346,190,363,178,361,151,356,138,355,117,355,89,353,77,353
226,342,256,344,255,362,225,360
282,346,330,348,329,365,282,363
364,348,375,349,389,351,404,352,417,355,438,352,446,353,446,368,438,368,418,370,403,367,388,367,374,365,363,363
472,353,520,357,519,373,470,369
70,366,470,381,469,400,70,385
257,401,297,401,297,414,257,414
386,405,440,405,440,423,386,423
66,426,495,436,494,454,66,444
193,455,205,455,205,467,193,467
247,456,287,456,287,468,247,468
359,456,367,456,384,458,392,458,404,457,416,457,424,456,424,472,416,472,405,473,393,473,382,473,367,472,359,472
489,460,513,460,513,474,489,474
60,482,464,485,464,501,60,499
238,507,277,507,277,519,238,519
472,508,479,508,487,508,491,508,497,507,503,507,510,507,513,520,506,521,499,520,490,521,486,522,479,521,472,522
187,510,194,510,194,518,187,518
350,509,357,508,371,509,378,508,390,508,401,508,411,508,410,521,401,521,391,521,379,521,371,523,356,521,349,522
55,535,495,532,495,547,55,550
458,554,506,554,506,568,458,568
333,556,343,555,358,556,366,555,377,555,388,555,398,555,397,568,388,568,378,568,367,568,358,569,343,568,333,570
228,556,264,556,264,567,228,567
176,557,187,557,187,567,176,567
67,583,94,582,156,582,236,580,320,581,361,578,387,577,388,592,361,593,321,596,236,595,156,596,94,597,67,598
443,599,500,599,500,611,443,611
321,600,330,600,341,601,353,600,365,599,377,600,384,599,383,612,377,612,366,612,354,613,340,613,330,613,321,613
218,603,254,603,254,614,218,614
67,631,88,630,148,628,211,626,291,624,361,624,382,624,382,637,361,637,291,637,211,639,148,641,89,643,67,644
429,641,486,639,486,651,429,653
311,643,319,644,329,644,343,644,353,643,363,643,371,643,372,654,363,655,354,655,344,655,329,656,319,655,310,655
216,647,241,647,241,657,216,657
254,668,446,662,447,676,254,682
425,680,430,680,443,680,446,680,455,679,463,679,471,678,470,689,463,689,456,690,448,691,441,691,432,691,426,691
