152,62,371,61,371,85,152,86
120,100,395,98,395,120,120,121
111,186,414,184,414,217,111,219
393,232,513,232,513,254,393,254
192,233,240,233,240,255,192,255
277,230,288,232,304,234,319,234,338,237,356,232,367,230,369,253,358,254,339,259,318,257,303,256,287,254,275,252
135,234,163,234,163,255,135,255
0,233,101,238,100,262,0,257
8,270,48,270,113,270,187,270,252,269,322,269,362,268,362,291,322,292,252,292,187,293,113,293,48,293,8,293
301,305,375,304,375,323,301,324
447,303,458,303,473,303,485,303,502,303,516,303,527,302,527,324,516,324,502,324,489,324,469,324,458,324,447,324
178,305,221,305,221,321,178,321
328,318,334,318,334,325,328,325
0,344,79,346,78,371,0,368
157,352,168,352,168,367,157,367
0,372,112,379,111,403,0,395
450,374,520,372,521,391,450,393
476,386,481,386,481,393,476,393
0,401,153,403,153,423,0,421
250,406,297,406,297,423,250,423
446,406,455,406,469,407,484,406,497,406,510,405,519,405,519,423,510,423,497,424,486,424,466,424,455,424,446,424
43,444,76,444,191,444,263,443,336,446,435,443,468,444,468,462,435,462,337,465,263,462,191,463,75,463,42,463
193,473,211,474,241,475,264,475,284,475,314,474,335,474,336,490,314,490,285,491,266,491,240,491,210,490,192,489
77,494,435,496,435,515,77,513
