199,74,335,74,335,92,199,92
178,95,356,95,356,113,178,113
37,109,150,109,150,136,37,136
198,118,212,117,240,118,265,118,289,118,311,117,334,116,336,131,312,132,288,133,264,133,241,133,212,133,198,133
213,138,319,138,319,154,213,154
146,175,282,175,282,189,146,189
41,194,65,193,98,193,133,193,183,194,210,194,234,193,234,207,210,208,183,208,133,207,97,207,64,207,40,208
294,193,388,193,388,208,294,208
35,211,44,212,56,213,68,214,82,213,93,213,105,211,106,222,93,224,82,225,68,225,55,225,43,223,35,222
278,213,387,212,388,225,278,227
36,249,47,248,57,248,73,249,83,248,100,250,109,251,107,263,98,263,83,261,73,261,57,260,48,261,36,261
187,247,195,248,207,249,218,249,226,250,240,248,248,248,249,263,241,263,227,265,216,263,206,263,194,263,186,262
337,250,390,247,391,261,338,264
279,251,296,251,296,262,279,262
32,267,57,268,92,268,133,269,175,268,209,268,233,268,233,281,208,282,176,282,133,282,91,281,57,281,33,280
338,286,389,284,390,298,338,300
36,286,149,286,149,300,36,300
198,287,248,286,248,299,198,300
38,320,216,321,216,337,38,335
338,323,390,321,390,335,338,336
39,339,183,339,183,354,39,354
379,343,388,343,388,352,379,352
37,357,157,358,157,374,37,373
338,360,389,360,389,372,338,372
47,378,115,378,115,392,47,392
338,378,389,377,389,390,338,392
38,395,142,395,142,411,38,411
110,415,134,415,175,415,218,415,243,415,301,415,322,414,322,428,301,429,243,428,218,429,174,429,135,429,110,429
97,470,323,470,323,485,97,485
51,491,75,491,150,489,210,489,283,488,353,488,377,488,377,502,353,502,283,502,210,503,150,503,75,505,51,505
80,526,341,523,341,539,80,542
