231,76,401,72,401,92,231,96
204,102,429,97,429,118,205,124
228,129,251,129,293,126,317,129,345,127,372,125,403,122,404,142,373,145,344,147,317,149,293,146,251,149,228,149
29,128,166,128,166,162,29,162
248,156,382,152,383,174,249,177
161,206,333,204,334,225,161,228
351,229,473,229,473,250,351,250
23,239,52,237,104,237,147,234,199,234,251,233,284,234,284,252,252,252,199,253,147,252,104,255,53,256,24,258
330,256,472,254,473,275,331,277
23,264,35,264,53,264,66,264,83,263,97,263,112,261,114,277,98,279,83,279,68,280,52,280,35,280,23,280
406,306,473,306,473,325,406,325
214,308,290,308,290,331,214,331
329,310,352,310,352,327,329,327
26,315,35,314,52,313,74,312,85,312,105,314,115,315,113,333,103,332,85,330,72,330,54,331,35,332,26,333
49,335,85,335,126,337,187,334,243,332,313,331,349,330,350,351,314,352,242,353,187,355,126,357,85,356,50,356
404,359,471,359,471,377,404,377
223,361,289,359,290,379,224,381
27,363,165,361,165,381,27,383
28,410,249,407,249,430,29,432
404,410,471,410,471,427,404,427
27,436,207,433,208,456,27,458
27,461,174,459,175,481,27,483
404,462,471,462,471,479,404,479
39,486,123,486,123,507,39,507
404,487,470,487,470,504,404,504
27,510,155,510,155,532,27,532
109,532,145,535,197,536,239,538,290,535,346,536,382,535,381,555,345,557,290,556,239,559,196,556,145,556,110,553
92,612,124,611,176,612,239,611,281,613,355,615,386,617,386,638,355,636,280,633,239,632,177,633,124,632,92,632
69,640,101,640,153,641,239,639,334,640,388,641,421,642,420,660,388,659,334,659,239,658,153,659,101,659,69,659
76,688,406,690,406,712,76,710
35,713,71,714,153,715,227,716,302,716,408,715,444,715,444,735,408,735,302,736,227,736,153,735,71,734,35,733
