218,188,291,192,290,211,217,206
230,213,348,213,348,256,230,256
243,253,346,253,346,287,243,287
127,321,167,320,241,320,286,317,349,317,397,310,437,305,440,327,399,332,352,340,287,340,241,343,167,343,126,344
204,352,226,352,257,352,296,351,322,350,348,347,376,344,377,361,349,364,323,366,296,368,257,369,226,369,204,369
211,386,233,385,258,383,296,381,318,382,356,378,382,378,384,400,358,401,320,404,297,403,259,405,233,407,211,409
166,420,425,405,427,437,168,452
242,454,371,447,372,465,243,473
109,455,126,455,140,456,160,454,181,457,195,455,216,455,217,474,196,474,181,476,159,473,140,475,125,473,108,474
111,481,157,481,157,499,111,499
258,506,395,498,397,517,259,525
113,509,228,509,228,530,113,530
258,532,397,523,398,542,260,551
110,543,131,539,142,536,170,538,185,535,201,536,221,533,221,552,200,555,187,553,170,557,142,554,130,558,110,562
112,565,315,557,316,579,113,587
475,572,528,569,530,588,477,592
384,581,394,579,398,577,410,577,418,578,424,577,434,576,436,593,427,594,420,596,409,595,402,594,390,597,381,599
327,583,348,583,348,601,327,601
170,590,181,590,197,589,208,589,219,590,238,588,246,588,246,605,238,605,222,606,206,605,198,606,182,606,171,607
473,608,532,608,532,632,473,632
379,614,435,612,436,631,379,633
97,629,262,618,264,642,99,653
466,645,533,642,534,665,467,667
128,659,183,662,182,683,127,680
468,688,539,688,539,719,468,719
125,704,147,702,170,703,197,699,225,698,257,697,278,697,277,719,256,720,226,721,198,722,173,726,147,725,125,726
453,736,545,736,545,761,453,761
130,747,351,735,352,762,131,773
348,792,384,794,409,795,444,796,485,795,528,798,549,798,548,821,527,821,485,818,444,819,408,818,384,817,348,815
363,869,439,873,438,892,362,888
502,874,557,879,555,899,500,894
351,894,444,898,443,916,351,913
549,908,557,908,557,925,549,925
