60,131,91,132,131,133,211,133,247,132,321,132,351,132,351,149,320,150,247,149,211,150,130,150,91,149,60,149
47,162,205,163,204,181,47,181
47,188,327,187,327,207,47,209
47,214,300,212,300,232,48,234
306,237,428,241,427,259,305,255
48,237,121,244,120,263,46,257
201,242,222,242,222,257,201,257
247,242,276,242,276,256,247,256
350,268,426,267,427,285,350,286
216,269,300,269,300,286,216,286
320,270,331,270,331,285,320,285
37,270,183,270,183,287,37,287
371,293,426,293,426,311,371,311
38,297,189,295,189,313,38,315
255,296,301,296,301,313,255,313
218,298,226,298,226,312,218,312
36,319,123,323,122,344,35,339
343,321,426,320,426,337,344,338
216,323,228,323,228,339,216,339
36,348,203,350,203,369,36,368
402,349,426,349,426,366,402,366
36,376,196,381,196,403,35,398
342,378,426,377,426,395,342,396
91,409,351,408,351,432,92,434
