219,81,368,81,368,100,219,100
195,105,391,105,391,125,195,125
38,123,163,123,163,156,38,156
217,130,233,130,261,131,291,131,319,131,342,130,369,129,371,146,344,148,318,148,291,148,261,148,234,148,217,148
235,154,353,154,353,173,235,173
159,200,175,200,202,199,238,199,257,199,286,196,313,194,313,211,286,214,258,216,238,216,202,216,176,217,160,217
325,219,428,219,428,237,325,237
43,227,73,226,119,224,166,222,194,222,240,222,270,222,271,239,240,239,195,239,166,239,119,241,74,243,43,244
304,241,321,242,344,243,367,243,385,242,412,242,430,241,430,257,412,257,386,258,367,259,343,259,321,258,304,257
38,247,49,247,65,247,76,246,92,246,105,246,120,247,119,262,105,262,94,262,78,262,64,263,49,263,37,263
372,287,379,287,389,286,403,285,414,284,422,286,433,289,430,303,420,300,416,298,403,300,389,301,380,301,372,301
209,285,276,288,276,307,208,304
309,287,328,287,328,302,309,302
42,291,56,291,65,291,83,290,94,289,114,290,122,290,121,305,113,306,94,304,83,306,67,306,56,306,42,307
44,309,413,306,413,327,44,330
373,329,381,328,390,328,405,327,414,327,425,327,433,326,432,341,424,342,416,342,405,342,391,343,381,343,373,344
220,330,276,330,276,348,220,348
45,333,166,333,166,350,45,350
47,355,77,354,141,353,187,352,224,352,279,350,309,350,309,367,278,368,224,370,187,370,142,371,78,372,47,373
375,370,432,370,432,385,375,385
221,374,277,374,277,390,221,390
45,376,168,376,168,394,45,394
374,412,381,413,392,414,405,413,415,413,426,412,433,411,433,425,426,426,417,427,406,428,392,428,380,427,373,426
48,419,242,414,243,433,48,437
422,433,433,433,433,447,422,447
46,437,63,438,99,439,126,440,155,437,182,437,208,435,209,453,182,455,155,455,127,457,100,456,63,455,46,454
376,455,384,455,393,455,404,454,418,455,427,454,435,453,436,468,428,469,419,470,404,469,393,470,383,470,375,470
49,461,179,458,180,477,49,480
376,477,433,475,434,490,376,492
59,481,135,481,135,500,59,500
424,498,434,498,434,510,424,510
50,503,163,500,163,520,50,522
126,524,154,523,200,522,246,520,290,519,321,519,348,518,348,534,321,535,290,535,247,537,200,538,154,539,127,540
116,585,365,581,365,601,116,605
69,612,93,611,175,609,239,608,312,606,369,605,393,605,393,619,369,620,312,620,239,622,175,623,94,625,69,626
109,652,139,651,177,650,230,648,295,647,333,645,363,644,364,662,333,663,295,665,231,666,178,668,140,668,109,669
83,674,113,674,185,671,230,671,296,669,389,667,419,666,419,684,389,684,296,686,231,688,185,688,113,691,83,691
