128,135,165,134,218,132,270,130,328,130,403,121,430,119,431,142,404,144,331,153,271,154,219,156,166,158,128,159
132,167,165,167,224,166,289,164,332,165,380,159,417,156,419,178,381,180,334,186,290,185,225,188,166,189,132,189
392,201,400,199,407,197,418,197,431,197,440,197,452,197,455,212,443,212,431,212,420,213,409,213,397,215,389,216
39,207,68,207,88,210,113,206,143,203,179,204,200,204,201,222,180,223,144,222,114,225,89,228,68,226,39,226
385,252,458,249,459,269,386,272
64,260,279,257,279,278,65,282
158,292,355,286,356,308,158,315
30,296,82,296,82,317,30,317
156,325,303,318,304,343,157,350
31,328,44,327,58,328,75,326,97,330,111,328,128,329,128,346,111,346,98,348,75,344,58,346,43,345,29,346
32,357,328,355,329,378,32,381
405,410,415,409,427,406,446,407,462,408,472,407,485,407,486,427,473,426,460,427,446,426,431,425,414,429,404,430
36,415,282,411,283,432,36,435
447,441,485,441,485,460,447,460
91,445,166,445,166,466,91,466
403,480,487,480,487,499,403,499
40,483,321,483,321,504,40,504
441,512,495,512,495,531,441,531
91,514,166,514,166,535,91,535
399,550,495,548,495,569,399,571
43,553,60,553,89,552,119,552,147,552,180,552,205,552,204,570,179,570,148,570,119,570,89,570,61,571,43,571
114,614,135,618,156,620,171,621,201,619,214,618,231,616,231,635,214,637,201,639,170,640,155,639,135,637,114,633
432,617,502,617,502,636,432,636
148,648,160,648,176,647,192,648,209,651,217,648,232,644,234,660,219,664,208,667,191,664,177,663,160,664,148,664
102,674,123,674,140,675,164,674,186,675,208,675,229,675,230,690,208,690,186,690,163,689,141,690,124,689,102,689
120,696,231,696,231,715,120,715
110,730,437,727,438,747,110,750
181,849,371,849,371,868,181,868
181,900,497,900,497,919,181,919
78,906,126,906,126,919,78,919
85,928,118,928,169,926,228,927,287,925,337,927,369,927,369,945,336,944,287,943,228,944,169,944,118,945,85,946
86,946,353,946,353,967,86,967
99,970,127,971,192,970,240,972,298,971,350,970,378,969,378,986,350,987,299,987,240,988,192,987,127,987,99,987
158,1000,191,1001,221,1001,277,1002,315,1002,371,1002,392,1002,392,1019,370,1019,315,1019,277,1019,221,1018,191,1018,158,1018
101,1031,129,1029,173,1030,203,1027,237,1027,276,1027,304,1027,303,1043,275,1043,237,1043,204,1043,172,1046,129,1045,101,1047
108,1049,131,1050,190,1050,222,1051,272,1051,319,1050,343,1050,343,1064,319,1064,272,1064,222,1064,190,1064,131,1063,108,1062
116,1069,139,1070,188,1071,263,1072,306,1071,350,1071,374,1071,373,1084,350,1084,306,1085,262,1085,188,1085,138,1083,115,1082
103,1085,126,1086,177,1089,238,1091,295,1090,352,1091,375,1091,375,1105,352,1105,294,1104,238,1105,177,1103,125,1100,101,1099
97,1111,228,1119,227,1135,96,1127
97,1131,459,1140,458,1156,97,1147
95,1148,407,1158,407,1174,95,1165
154,1185,195,1185,195,1197,154,1197
223,1189,338,1189,338,1202,223,1202
